0.00018310600717086345
0.00012207099644001573
0.0003051779931411147
0.0003051779931411147
0.0004882849752902985
0.0004882849752902985
0.0006713899783790112
0.0006408729823306203
0.000823977985419333
0.000823977985419333
0.0010070899734273553
0.0010070899734273553
0.0011901899706572294
0.0011901899706572294
0.0013427799567580223
0.0013427799567580223
0.0015258899657055736
0.0014953699428588152
0.0016784700565040112
0.0017089899629354477
0.0018615799490362406
0.0018615799490362406
0.0020446900743991137
0.0020446900743991137
0.0021972800604999065
0.0021972800604999065
0.002380389953032136
0.0023498700466006994
0.0025329699274152517
0.002563490066677332
0.002716080052778125
0.002716080052778125
0.002899179933592677
0.0028686700388789177
0.00308229005895555
0.0030212600249797106
0.003204359905794263
0.003204359905794263
0.003387470031157136
0.0033569498918950558
0.0035400500055402517
0.0035400500055402517
0.003723159898072481
0.003723159898072481
0.003875749884173274
0.003906279802322388
0.004058870021253824
0.004089389927685261
0.0042419699020683765
0.0042419699020683765
0.004394560120999813
0.004394560120999813
0.004577669780701399
0.004577669780701399
0.0047607701271772385
0.004730250220745802
0.004913359880447388
0.004913359880447388
0.005096470005810261
0.005096470005810261
0.0052490499801933765
0.0052490499801933765
0.00543216010555625
0.00543216010555625
0.005615259986370802
0.005615259986370802
0.0057678502053022385
0.005798370111733675
0.005920439958572388
0.005920439958572388
0.006103550083935261
0.006103550083935261
0.0062561300583183765
0.0062561300583183765
0.006469760090112686
0.00643924018368125
0.006622340064495802
0.006622340064495802
0.006805450189858675
0.006805450189858675
0.006958039943128824
0.006958039943128824
0.0071411398239433765
0.007110630162060261
0.007293730042874813
0.007293730042874813
0.007476840168237686
0.007476840168237686
0.007629420142620802
0.007629420142620802
0.007812559604644775
0.007812559604644775
0.0079651502892375
0.007995669730007648
0.0081787696108222
0.008148250170052052
0.0083008399233222
0.008331360295414925
0.00845342967659235
0.00845342967659235
0.008667049929499626
0.008819639682769775
0.008819639682769775
0.008819639682769775
0.009002749808132648
0.0089722303673625
0.009155330248177052
0.009155330248177052
0.009338440373539925
0.009338440373539925
0.009491030126810074
0.009521540254354477
0.009643609635531902
0.009674130007624626
0.0098572401329875
0.009826719760894775
0.01000980008393526
0.01000980008393526
0.010192899964749813
0.010375999845564365
0.010375999845564365
0.010345499962568283
0.010528599843382835
0.010498099960386753
0.010711699724197388
0.010681199841201305
0.010864299722015858
0.010864299722015858
0.01104739960283041
0.01104739960283041
0.011230500414967537
0.011169499717652798
0.01135259959846735
0.011383100412786007
0.01156620029360056
0.01156620029360056
0.01171880029141903
0.011749300174415112
0.0118714002892375
0.0118714002892375
0.012054500170052052
0.012054500170052052
0.012237600050866604
0.012207100167870522
0.012390200048685074
0.012390200048685074
0.012573299929499626
0.012542800046503544
0.012725899927318096
0.012725899927318096
0.012908999808132648
0.012908999808132648
0.0130920996889472
0.0130920996889472
0.01324469968676567
0.01324469968676567
0.013427799567580223
0.013427799567580223
0.013580399565398693
0.013580399565398693
0.01376350037753582
0.01376350037753582
0.01391610037535429
0.01391610037535429
0.014099200256168842
0.014099200256168842
0.014251800253987312
0.014282300136983395
0.014465400017797947
0.014465400017797947
0.014587500132620335
0.014587500132620335
0.01480109989643097
0.014770600013434887
0.01495369989424944
0.01495369989424944
0.01510629989206791
0.015136799775063992
0.015258800238370895
0.015289399772882462
0.015441999770700932
0.015472499653697014
0.01562510058283806
0.01562510058283806
0.01580820046365261
0.01580820046365261
0.015960799530148506
0.015960799530148506
0.01614389941096306
0.01614389941096306
0.016296500340104103
0.016296500340104103
0.016479600220918655
0.016479600220918655
0.01663219928741455
0.01684579998254776
0.016815299168229103
0.016815299168229103
0.016998400911688805
0.016967900097370148
0.0171509999781847
0.0171509999781847
0.017303600907325745
0.017334099858999252
0.017486700788140297
0.017486700788140297
0.017639299854636192
0.01766980066895485
0.017822399735450745
0.017822399735450745
0.01797500066459179
0.018005499616265297
0.01815810054540634
0.01818859949707985
0.018341200426220894
0.018524300307035446
0.018524300307035446
0.018524300307035446
0.01870740018785
0.01867689937353134
0.018829500302672386
0.018859999254345894
0.01901260018348694
0.019043099135160446
0.01919570006430149
0.019165199249982834
0.019348299130797386
0.019348299130797386
0.019531400874257088
0.019561899825930595
0.019653400406241417
0.01971450075507164
0.019867099821567535
0.01983650028705597
0.02001970075070858
0.020050199702382088
0.020202800631523132
0.020202800631523132
0.020385900512337685
0.020385900512337685
0.020507900044322014
0.02053840085864067
0.020721599459648132
0.020721599459648132
0.020904699340462685
0.020904699340462685
0.02105719968676567
0.02105719968676567
0.02124040015041828
0.02124040015041828
0.021392900496721268
0.021392900496721268
0.02157600037753582
0.02175920084118843
0.021728599444031715
0.021728599444031715
0.021911699324846268
0.021911699324846268
0.022064300253987312
0.022064300253987312
0.022247400134801865
0.022247400134801865
0.022430500015616417
0.02239999920129776
0.022552600130438805
0.022583099082112312
0.022766200825572014
0.022735700011253357
0.02291879989206791
0.02291879989206791
0.02310189977288246
0.023254500702023506
0.023254500702023506
0.02322399988770485
0.0234070997685194
0.02343760058283806
0.023590199649333954
0.023590199649333954
0.023742800578475
0.023773299530148506
0.02392590045928955
0.02395639941096306
0.02413949929177761
0.024109000340104103
0.024292100220918655
0.024292100220918655
0.024475200101733208
0.024475200101733208
0.024627799168229103
0.024627799168229103
0.024780400097370148
0.024780400097370148
0.0249634999781847
0.0249634999781847
0.025116100907325745
0.025146599858999252
0.025299200788140297
0.025299200788140297
0.02548230066895485
0.02548230066895485
0.0256654005497694
0.0256654005497694
0.025817999616265297
0.02578750066459179
0.02597060054540634
0.02597060054540634
0.026123199611902237
0.026153700426220894
0.026336800307035446
0.02630629949271679
0.026458900421857834
0.026458900421857834
0.026672499254345894
0.026642000302672386
0.02682510018348694
0.02682510018348694
0.02700820006430149
0.026977699249982834
0.027160799130797386
0.027191299945116043
0.027343900874257088
0.02731340005993843
0.02743539959192276
0.027496499940752983
0.02764900028705597
0.027679599821567535
0.02783220075070858
0.027862699702382088
0.02804579958319664
0.02804579958319664
0.028198400512337685
0.028198400512337685
0.028381500393152237
0.028381500393152237
0.028534099459648132
0.028534099459648132
0.02868659980595112
0.02868659980595112
0.02886969968676567
0.02886969968676567
0.029022300615906715
0.029022300615906715
0.02917489968240261
0.029205400496721268
0.029357999563217163
0.02938850037753582
0.02957170084118843
0.029541099444031715
0.029724199324846268
0.029876800253987312
0.029876800253987312
0.029876800253987312
0.030059900134801865
0.030059900134801865
0.03021249920129776
0.030243000015616417
0.030395599082112312
0.03042609989643097
0.030578700825572014
0.030578700825572014
0.03073129989206791
0.03073129989206791
0.03091439977288246
0.03091439977288246
0.031097499653697014
0.031067000702023506
0.0312195997685194
0.0312195997685194
0.03143329918384552
0.03140280023217201
0.031585898250341415
0.031585898250341415
0.03173850104212761
0.03176899999380112
0.031891100108623505
0.03192159906029701
0.032074201852083206
0.032104700803756714
0.03225729987025261
0.03225729987025261
0.03244040161371231
0.03244040161371231
0.032593000680208206
0.032623499631881714
0.03277609869837761
0.03277609869837761
0.0329287014901638
0.0329287014901638
0.033111799508333206
0.0330813005566597
0.0332643985748291
0.03329490125179291
0.033417001366615295
0.033417001366615295
0.033630598336458206
0.03356960043311119
0.03381370007991791
0.0337832011282444
0.0339662991464138
0.0339662991464138
0.03408839926123619
0.0341188982129097
0.0343019999563694
0.03427150100469589
0.034454599022865295
0.034637700766325
0.034637700766325
0.03460720181465149
0.0348207987844944
0.03479029983282089
0.034973401576280594
0.034973401576280594
0.03515649959445
0.03515649959445
0.03530909866094589
0.03530909866094589
0.035492200404405594
0.035492200404405594
0.03564479947090149
0.035675298422575
0.035797398537397385
0.03582790121436119
0.035980500280857086
0.03616359829902649
0.03616359829902649
0.03616359829902649
0.03634670004248619
0.03631620109081268
0.036499299108982086
0.036499299108982086
0.03665180131793022
0.03665180131793022
0.03683499991893768
0.03680440038442612
0.03698749840259552
0.03698749840259552
0.03717060014605522
0.03717060014605522
0.03735379874706268
0.03735379874706268
0.03750630095601082
0.037536900490522385
0.03768939897418022
0.03768939897418022
0.037842001765966415
0.037842001765966415
0.03802509978413582
0.03802509978413582
0.03820820152759552
0.038177698850631714
0.038360800594091415
0.038360800594091415
0.03854389861226082
0.03851339966058731
0.03869650140404701
0.03872700035572052
0.038879599422216415
0.03891019895672798
0.03903219848871231
0.03903219848871231
0.03924579918384552
0.039398398250341415
0.039398398250341415
0.039398398250341415
0.0395204983651638
0.03958149999380112
0.039703600108623505
0.039703600108623505
0.039886701852083206
0.039917200803756714
0.0400393009185791
0.0400393009185791
0.040222398936748505
0.040222398936748505
0.0403750017285347
0.0403750017285347
0.0405580997467041
0.0405580997467041
0.0407412014901638
0.0407412014901638
0.0408938005566597
0.0408938005566597
0.0410768985748291
0.0410768985748291
0.041229501366615295
0.0412600003182888
0.041443098336458206
0.0414125993847847
0.041565198451280594
0.0415957011282444
0.041748300194740295
0.0417787991464138
0.0419313982129097
0.0419313982129097
0.0421144999563694
0.0421144999563694
0.042267099022865295
0.04223660007119179
0.04241970181465149
0.04260279983282089
0.042572300881147385
0.04260279983282089
0.042785901576280594
0.04275539889931679
0.04293850064277649
0.04290800169110298
0.043091099709272385
0.04312159866094589
0.043274201452732086
0.043304700404405594
0.04345729947090149
0.04342680051922798
0.04364040121436119
0.043609898537397385
0.043793000280857086
0.043793000280857086
0.04394559934735298
0.04412870109081268
0.04415920004248619
0.04412870109081268
0.044311799108982086
0.04428119957447052
0.04449490085244179
0.04446430131793022
0.04464749991893768
0.04464749991893768
0.04479999840259552
0.044830601662397385
0.044952601194381714
0.04498310014605522
0.04513569921255112
0.04513569921255112
0.04531880095601082
0.04531880095601082
0.045471400022506714
0.045654501765966415
0.045654501765966415
0.045654501765966415
0.04580710083246231
0.04580710083246231
0.045990198850631714
0.045990198850631714
0.046173300594091415
0.046173300594091415
0.04635639861226082
0.04632589966058731
0.04650900140404701
0.04650900140404701
0.04666160047054291
0.04666160047054291
0.04684469848871231
0.0468141995370388
0.04702780023217201
0.04718039929866791
0.04718039929866791
0.047210898250341415
0.04736350104212761
0.0473329983651638
0.047516100108623505
0.047516100108623505
0.047699201852083206
0.0476686991751194
0.0478518009185791
0.0478518009185791
0.048034898936748505
0.048034898936748505
0.048218000680208206
0.0481875017285347
0.0483705997467041
0.0483705997467041
0.0485537014901638
0.0485231988132
0.0487063005566597
0.0488893985748291
0.048858899623155594
0.0488893985748291
0.04901149868965149
0.049042001366615295
0.0492250993847847
0.0492250993847847
0.0494082011282444
0.049377698451280594
0.049560800194740295
0.04953030124306679
0.0497438982129097
0.0497438982129097
0.04989650100469589
0.04989650100469589
0.050079599022865295
0.050079599022865295
0.05023220181465149
0.050384800881147385
0.050384800881147385
0.050384800881147385
0.05056789889931679
0.05056789889931679
0.05075100064277649
0.05075100064277649
0.050903599709272385
0.05087300017476082
0.051086701452732086
0.05105609819293022
0.05123930051922798
0.05123930051922798
0.051422398537397385
0.051422398537397385
0.051605500280857086
0.05157490074634552
0.05175809934735298
0.05191060155630112
0.05191060155630112
0.05191060155630112
0.05209369957447052
0.05209369957447052
0.05227680131793022
0.052246298640966415
0.05242940038442612
0.05242940038442612
0.05261249840259552
0.05261249840259552
0.05279560014605522
0.052765101194381714
0.05297879874706268
0.05291770026087761
0.05313130095601082
0.05313130095601082
0.05331439897418022
0.053467001765966415
0.05343649908900261
0.05343649908900261
0.05361960083246231
0.05361960083246231
0.053802698850631714
0.053772199898958206
0.05395530164241791
0.05395530164241791
0.0541079007089138
0.05413839966058731
0.054290998727083206
0.054290998727083206
0.05447410047054291
0.05447410047054291
0.0546266995370388
0.0546266995370388
0.054809801280498505
0.0549624003469944
0.0549624003469944
0.05499289929866791
0.05517600104212761
0.0551454983651638
0.055328600108623505
0.055328600108623505
0.0554811991751194
0.055511701852083206
0.0556643009185791
0.055633798241615295
0.055816899985075
0.05578640103340149
0.056030500680208206
0.0560000017285347
0.056152600795030594
0.056152600795030594
0.0563356988132
0.05648830160498619
0.05648830160498619
0.0565188005566597
0.056671399623155594
0.056671399623155594
0.05682399868965149
0.05682399868965149
0.05700710043311119
0.05700710043311119
0.057159699499607086
0.057190198451280594
0.05734280124306679
0.05734280124306679
0.05752589926123619
0.05752589926123619
0.057678498327732086
0.057678498327732086
0.05786160007119179
0.05804470181465149
0.05804470181465149
0.05804470181465149
0.058197300881147385
0.058197300881147385
0.05838039889931679
0.05838039889931679
0.05853300169110298
0.05853300169110298
0.058716099709272385
0.058716099709272385
0.05886859819293022
0.05886859819293022
0.059021200984716415
0.059021200984716415
0.05920429900288582
0.05920429900288582
0.05938740074634552
0.05957059934735298
0.05957059934735298
0.059539999812841415
0.05972310155630112
0.05972310155630112
0.05990619957447052
0.05990619957447052
0.060058798640966415
0.060058798640966415
0.06024190038442612
0.06024190038442612
0.06039449945092201
0.06039449945092201
0.060577601194381714
0.060577601194381714
0.06076069921255112
0.06073020026087761
0.06091329827904701
0.06094380095601082
0.061096400022506714
0.061096400022506714
0.06124899908900261
0.06124899908900261
0.061401598155498505
0.06143210083246231
0.061584699898958206
0.061584699898958206
0.0617372989654541
0.0617372989654541
0.0619204007089138
0.0619204007089138
0.062103498727083206
0.062103498727083206
0.0622561015188694
0.0622561015188694
0.0624391995370388
0.06262250244617462
0.06262250244617462
0.06259199976921082
0.06274460256099701
0.06277509778738022
0.06292770057916641
0.06295820325613022
0.06311079859733582
0.06311079859733582
0.06329389661550522
0.06326340138912201
0.06344649940729141
0.06344649940729141
0.0635991021990776
0.06362959742546082
0.06381270289421082
0.06381270289421082
0.06396529823541641
0.0641179010272026
0.0641179010272026
0.0641179010272026
0.06430099904537201
0.0642704963684082
0.0644536018371582
0.0644536018371582
0.0646366998553276
0.0646366998553276
0.06481979787349701
0.0647893026471138
0.0649724006652832
0.0649724006652832
0.0651554986834526
0.0651250034570694
0.0653081014752388
0.06533859670162201
0.0654911994934082
0.0656742975115776
0.0656742975115776
0.0656438022851944
0.0658269003033638
0.0658269003033638
0.06597950309515
0.06597950309515
0.0661626011133194
0.0661626011133194
0.066315196454525
0.0663762018084526
0.066498301923275
0.066498301923275
0.06665089726448059
0.06665089726448059
0.06683400273323059
0.06683400273323059
0.0670171007514
0.06716970354318619
0.06716970354318619
0.06716970354318619
0.06735280156135559
0.06732229888439178
0.067535899579525
0.067535899579525
0.06768850237131119
0.06768850237131119
0.06787160038948059
0.06787160038948059
0.06802420318126678
0.06802420318126678
0.06820730119943619
0.06820730119943619
0.06835989654064178
0.06835989654064178
0.06854300200939178
0.06869550049304962
0.06869550049304962
0.06872610002756119
0.06887870281934738
0.06887870281934738
0.06906180083751678
0.06900069862604141
0.06921429932117462
0.06921429932117462
0.06939739733934402
0.06939739733934402
0.06951949745416641
0.06958059966564178
0.06973309814929962
0.06973309814929962
0.06988570094108582
0.06988570094108582
0.07006879895925522
0.07022140175104141
0.07022140175104141
0.07022140175104141
0.07040449976921082
0.07040449976921082
0.07058759778738022
0.07055710256099701
0.07074020057916641
0.07074020057916641
0.0708928033709526
0.07092329859733582
0.07107590138912201
0.07107590138912201
0.07125899940729141
0.07125899940729141
0.0714116021990776
0.0714116021990776
0.07159470021724701
0.07159470021724701
0.0717473030090332
0.0717473030090332
0.0719304010272026
0.0719304010272026
0.07211349904537201
0.07211349904537201
0.0722661018371582
0.07229659706354141
0.0724186971783638
0.0724186971783638
0.0726018026471138
0.0726018026471138
0.0727849006652832
0.0727543979883194
0.0729679986834526
0.0729375034570694
0.0731206014752388
0.0732731968164444
0.0732731968164444
0.0732731968164444
0.0734563022851944
0.0734563022851944
0.0736088976264
0.0736088976264
0.0738224983215332
0.07379200309515
0.0739751011133194
0.07394459843635559
0.074127696454525
0.0741581991314888
0.074310801923275
0.074310801923275
0.0744938999414444
0.07446339726448059
0.07464650273323059
0.07479909807443619
0.07479909807443619
0.0748296007514
0.07495159655809402
0.07495159655809402
0.07513479888439178
0.07513479888439178
0.07531789690256119
0.07531789690256119
0.07550100237131119
0.07547040283679962
0.07565359771251678
0.07565359771251678
0.07583670318126678
0.07580610364675522
0.07598920166492462
0.07598920166492462
0.07614179700613022
0.07617239654064178
0.07632490247488022
0.07632490247488022
0.07650800049304962
0.07650800049304962
0.07666060328483582
0.07666060328483582
0.07684370130300522
0.07684370130300522
0.07699629664421082
0.07702679932117462
0.07717940211296082
0.07717940211296082
0.07736250013113022
0.07736250013113022
0.07751510292291641
0.07754559814929962
0.07766769826412201
0.07785079628229141
0.07785079628229141
0.07785079628229141
0.0780033990740776
0.07803390175104141
0.07818649709224701
0.07818649709224701
0.0783390998840332
0.07836960256099701
0.0785221979022026
0.0785221979022026
0.0787053033709526
0.0787053033709526
0.0788578987121582
0.0788578987121582
0.0790409967303276
0.0790409967303276
0.0792241021990776
0.0793766975402832
0.0793766975402832
0.0793766975402832
0.0795598030090332
0.0795598030090332
0.0797123983502388
0.0797123983502388
0.0798954963684082
0.0798954963684082
0.0800786018371582
0.0800786018371582
0.0802311971783638
0.0802311971783638
0.08038379997015
0.08038379997015
0.0805668979883194
0.0805668979883194
0.08071950078010559
0.08087210357189178
0.080902598798275
0.080902598798275
0.0810856968164444
0.08105520159006119
0.08123829960823059
0.08123829960823059
0.0814213976264
0.0814213976264
0.08157400041818619
0.08157400041818619
0.08175709843635559
0.08172660320997238
0.081940196454525
0.08190970122814178
0.08209279924631119
0.08209279924631119
0.08227589726448059
0.08242850005626678
0.08242850005626678
0.08242850005626678
0.08261159807443619
0.08258099853992462
0.08276409655809402
0.08276409655809402
0.08294729888439178
0.08294729888439178
0.08309979736804962
0.08313039690256119
0.08328290283679962
0.08328290283679962
0.08343549817800522
0.08346609771251678
0.08361860364675522
0.08358810096979141
0.08377119898796082
0.08395429700613022
0.08395429700613022
0.08395429700613022
0.08410689979791641
0.08410689979791641
0.08428999781608582
0.08428999781608582
0.08447310328483582
0.08447310328483582
0.08462569862604141
0.08462569862604141
0.08480879664421082
0.08480879664421082
0.08499190211296082
0.08496139943599701
0.08514449745416641
0.08514449745416641
0.08532760292291641
0.08548019826412201
0.08551070094108582
0.08548019826412201
0.0856328010559082
0.0856328010559082
0.08584640175104141
0.0858158990740776
0.08599899709224701
0.0859685018658638
0.0861515998840332
0.0861515998840332
0.0863346979022026
0.0863346979022026
0.0864873006939888
0.0865178033709526
0.0866703987121582
0.0866703987121582
0.0868534967303276
0.0870060995221138
0.08697559684515
0.08697559684515
0.0871587023139
0.0871587023139
0.0873418003320694
0.0873418003320694
0.0875248983502388
0.0875248983502388
0.087677501142025
0.087677501142025
0.08783009648323059
0.0878605991601944
0.0880436971783638
0.0880436971783638
0.08819629997015
0.08819629997015
0.0883793979883194
0.08853200078010559
0.08853200078010559
0.08850149810314178
0.08868460357189178
0.08868460357189178
0.08883710205554962
0.08883710205554962
0.08905079960823059
0.08902029693126678
0.08920340240001678
0.08920340240001678
0.08935590088367462
0.08935590088367462
0.08953910320997238
0.08953910320997238
0.08972220122814178
0.08969160169363022
0.08987469971179962
0.08987469971179962
0.09005779772996902
0.09024100005626678
0.09021040052175522
0.09021040052175522
0.09039349853992462
0.09039349853992462
0.09057659655809402
0.09054610133171082
0.09072919934988022
0.09072919934988022
0.09091229736804962
0.09091229736804962
0.09106490015983582
0.09103439748287201
0.09121750295162201
0.09124799817800522
0.09140060096979141
0.09140060096979141
0.09158369898796082
0.0917057991027832
0.09173630177974701
0.09173630177974701
0.0918888971209526
0.09191939979791641
0.0920720025897026
0.09210249781608582
0.09225510060787201
0.09225510060787201
0.0924077033996582
0.09243819862604141
0.0925908014178276
0.0925908014178276
0.09277389943599701
0.09277389943599701
0.0929265022277832
0.0929265022277832
0.0931096002459526
0.0932622030377388
0.09329269826412201
0.0932622030377388
0.0934453010559082
0.0934453010559082
0.0936283990740776
0.0936283990740776
0.0937504991889
0.0937504991889
0.0939640998840332
0.0939335972070694
0.0941167026758194
0.0941167026758194
0.094269298017025
0.094269298017025
0.094452403485775
0.094452403485775
0.09460499882698059
0.09478809684515
0.09478809684515
0.09478809684515
0.0949712023139
0.09494069963693619
0.09512379765510559
0.0951543003320694
0.09527640044689178
0.09530690312385559
0.09545949846506119
0.09545949846506119
0.09561199694871902
0.09564259648323059
0.09579519927501678
0.09579519927501678
0.09597829729318619
0.09597829729318619
0.09613080322742462
0.09631399810314178
0.09631399810314178
0.09634450078010559
0.09646649658679962
0.09646649658679962
0.09661909937858582
0.09664960205554962
0.09680219739675522
0.09680219739675522
0.09698530286550522
0.09701590240001678
0.09713789820671082
0.09716840088367462
0.09735160320997238
0.09732100367546082
0.09750410169363022
0.09750410169363022
0.09765669703483582
0.09783980250358582
0.09783980250358582
0.09780929982662201
0.09802290052175522
0.09802290052175522
0.09817550331354141
0.09820599853992462
0.09835860133171082
0.09835860133171082
0.09851119667291641
0.09851119667291641
0.09869430214166641
0.09869430214166641
0.09887740015983582
0.09884689748287201
0.0989995002746582
0.09903000295162201
0.0991825982928276
0.09936569631099701
0.09936569631099701
0.09936569631099701
0.0995182991027832
0.0995182991027832
0.0997013971209526
0.0997013971209526
0.0998539999127388
0.0998539999127388
0.10006800293922424
0.10003700107336044
0.10022000223398209
0.10022000223398209
0.10037299990653992
0.10037299990653992
0.10055600106716156
0.10055600106716156
0.1007080003619194
0.10089199990034103
0.10089199990034103
0.10089199990034103
0.10104399919509888
0.10107500106096268
0.10122700035572052
0.10122700035572052
0.10141000151634216
0.10141000151634216
0.1015930026769638
0.1015629991889
0.10174600034952164
0.10174600034952164
0.10192900151014328
0.10189899802207947
0.10205099731683731
0.10223399847745895
0.10223399847745895
0.10223399847745895
0.1024169996380806
0.1024169996380806
0.10256999731063843
0.10256999731063843
0.10275299847126007
0.10272300243377686
0.1029060035943985
0.1029060035943985
0.10308899730443954
0.10308899730443954
0.10324099659919739
0.10327199846506119
0.10342500358819962
0.10342500358819962
0.10360799729824066
0.1037599965929985
0.1037909984588623
0.1037909984588623
0.10394299775362015
0.10391300171613693
0.10409600287675858
0.10412599891424179
0.10430999845266342
0.10427899658679962
0.10446199774742126
0.10443200170993805
0.10461500287055969
0.10458400100469589
0.10476700216531754
0.10476700216531754
0.10495000332593918
0.10495000332593918
0.10510300099849701
0.10525599867105484
0.10528600215911865
0.10528600215911865
0.10543899983167648
0.1054690033197403
0.10562200099229813
0.10562200099229813
0.10580500215291977
0.10580500215291977
0.1059579998254776
0.1059579998254776
0.10614100098609924
0.10614100098609924
0.10629300028085709
0.10632400214672089
0.10647600144147873
0.10647600144147873
0.10665900260210037
0.1068120002746582
0.1068120002746582
0.1068120002746582
0.10696499794721603
0.10699500143527985
0.10717800259590149
0.10714799910783768
0.10729999840259552
0.10729999840259552
0.10751400142908096
0.10748299956321716
0.1076660007238388
0.1076660007238388
0.10781899839639664
0.10781899839639664
0.10800199955701828
0.10800199955701828
0.10815499722957611
0.10815499722957611
0.10833799839019775
0.1085209995508194
0.1085209995508194
0.1085209995508194
0.10864300280809402
0.10867399722337723
0.10885699838399887
0.10885699838399887
0.10900899767875671
0.10903999954462051
0.10919199883937836
0.10919199883937836
0.109375
0.10934499651193619
0.10955899953842163
0.10952799767255783
0.10971099883317947
0.10971099883317947
0.1098639965057373
0.11001600325107574
0.11004699766635895
0.11004699766635895
0.11019899696111679
0.11019899696111679
0.11035200208425522
0.11038299649953842
0.11053500324487686
0.11053500324487686
0.11071799695491791
0.11071799695491791
0.11087100207805634
0.11087100207805634
0.11105400323867798
0.11105400323867798
0.11123699694871902
0.11120700091123581
0.11135900020599365
0.1115730032324791
0.1115730032324791
0.1115730032324791
0.11172500252723694
0.11172500252723694
0.11187800019979477
0.11187800019979477
0.11206100136041641
0.11206100136041641
0.11227499693632126
0.11224400252103806
0.11239700019359589
0.11239700019359589
0.11258000135421753
0.11258000135421753
0.11273200064897537
0.11273200064897537
0.11294600367546082
0.11306799948215485
0.11306799948215485
0.11306799948215485
0.11325100064277649
0.11325100064277649
0.11343400180339813
0.11340399831533432
0.11358699947595596
0.11358699947595596
0.1137700006365776
0.1137389987707138
0.11395300179719925
0.11392299830913544
0.11407499760389328
0.11410599946975708
0.11425799876451492
0.11425799876451492
0.11444099992513657
0.11444099992513657
0.1145939975976944
0.11477699875831604
0.11480800062417984
0.11477699875831604
0.11495999991893768
0.11495999991893768
0.11511299759149551
0.11508200317621231
0.11526499688625336
0.11529599875211716
0.115447998046875
0.115447998046875
0.11560100317001343
0.11560100317001343
0.11578399688005447
0.11578399688005447
0.11596699804067612
0.11596699804067612
0.11612000316381454
0.11630299687385559
0.11630299687385559
0.11630299687385559
0.11648599803447723
0.11648599803447723
0.11663900315761566
0.11663900315761566
0.11682199686765671
0.1167910024523735
0.11697400361299515
0.11697400361299515
0.1171569973230362
0.1171569973230362
0.11734099686145782
0.11734099686145782
0.11749300360679626
0.11746300011873245
0.11767599731683731
0.11782900243997574
0.11782900243997574
0.11782900243997574
0.11798100173473358
0.11801200360059738
0.11816500127315521
0.11816500127315521
0.11831700056791306
0.11831700056791306
0.11846999824047089
0.1185000017285347
0.11865299940109253
0.11865299940109253
0.11883600056171417
0.11883600056171417
0.11901900172233582
0.11901900172233582
0.11917199939489365
0.11935500055551529
0.11935500055551529
0.11935500055551529
0.11950699985027313
0.11950699985027313
0.11969000101089478
0.11969000101089478
0.1198429986834526
0.1198429986834526
0.12002599984407425
0.12002599984407425
0.12017899751663208
0.12020900100469589
0.12036199867725372
0.12036199867725372
0.12051399797201157
0.12054499983787537
0.12069699913263321
0.12088099867105484
0.12088099867105484
0.12084999680519104
0.12103299796581268
0.12103299796581268
0.12121599912643433
0.12118600308895111
0.12136899679899216
0.12136899679899216
0.1215519979596138
0.1215519979596138
0.12170500308275223
0.12170500308275223
0.12188799679279327
0.12188799679279327
0.12204000353813171
0.12204000353813171
0.12222299724817276
0.1224059984087944
0.1224059984087944
0.1224059984087944
0.12255900353193283
0.12258999794721603
0.12274199724197388
0.12274199724197388
0.1228950023651123
0.1228950023651123
0.12307800352573395
0.12307800352573395
0.12323000282049179
0.12323000282049179
0.12344399839639664
0.12341400235891342
0.12356600165367126
0.12359700351953506
0.12374900281429291
0.12393199652433395
0.12390200048685074
0.12390200048685074
0.12408500164747238
0.12408500164747238
0.12423799932003021
0.12423799932003021
0.12442100048065186
0.12445099651813507
0.1246040016412735
0.1246040016412735
0.12475600093603134
0.12475600093603134
0.12493900209665298
0.12496999651193619
0.12512299418449402
0.12512299418449402
0.12527599930763245
0.1254590004682541
0.1254280060529709
0.1254590004682541
0.12561100721359253
0.12561100721359253
0.12579399347305298
0.12579399347305298
0.1259779930114746
0.1259160041809082
0.12612999975681305
0.12610000371932983
0.12628300487995148
0.12628300487995148
0.12643499672412872
0.12646600604057312
0.12661799788475037
0.12661799788475037
0.1267710030078888
0.12695400416851044
0.12695400416851044
0.12695400416851044
0.12713700532913208
0.12713700532913208
0.12732000648975372
0.12732000648975372
0.12747299671173096
0.12747299671173096
0.1276559978723526
0.1276559978723526
0.12780900299549103
0.12780900299549103
0.12799200415611267
0.12799200415611267
0.12814399600028992
0.12817500531673431
0.12832699716091156
0.1285099983215332
0.1285099983215332
0.12848000228405
0.12869399785995483
0.12866300344467163
0.12884600460529327
0.12881599366664886
0.1289989948272705
0.1289989948272705
0.12915100157260895
0.12915100157260895
0.1293340027332306
0.1293340027332306
0.12951800227165222
0.12951800227165222
0.12966999411582947
0.12966999411582947
0.1298529952764511
0.13003599643707275
0.13000600039958954
0.13000600039958954
0.13018900156021118
0.13018900156021118
0.13037200272083282
0.1303420066833496
0.13052499294281006
0.13052499294281006
0.1307079941034317
0.1307079941034317
0.13086000084877014
0.13086000084877014
0.13104300200939178
0.13104300200939178
0.1311960071325302
0.1311960071325302
0.13137899339199066
0.1315319985151291
0.1315319985151291
0.1315619945526123
0.13174499571323395
0.13174499571323395
0.13183699548244476
0.13186700642108917
0.1320199966430664
0.1320510059595108
0.13223400712013245
0.13223400712013245
0.1323859989643097
0.1323859989643097
0.13256900012493134
0.13256900012493134
0.13275200128555298
0.13272200524806976
0.132873997092247
0.1329050064086914
0.13305799663066864
0.13324099779129028
0.13324099779129028
0.13324099779129028
0.13339300453662872
0.13342399895191193
0.13357600569725037
0.13357600569725037
0.133759006857872
0.1337289959192276
0.13391199707984924
0.13394300639629364
0.13406500220298767
0.1340949982404709
0.13424800336360931
0.13424800336360931
0.13439999520778656
0.13439999520778656
0.1345829963684082
0.13476699590682983
0.13476699590682983
0.13473600149154663
0.13491900265216827
0.13491900265216827
0.13510200381278992
0.13510200381278992
0.13525499403476715
0.13525499403476715
0.1354379951953888
0.1354379951953888
0.13562099635601044
0.13562099635601044
0.13577400147914886
0.13577400147914886
0.1359570026397705
0.1359570026397705
0.13610899448394775
0.1362919956445694
0.1362919956445694
0.1362919956445694
0.13644500076770782
0.13644500076770782
0.13662800192832947
0.13662800192832947
0.1367810070514679
0.1367810070514679
0.13693299889564514
0.13696399331092834
0.13714699447155
0.13711600005626678
0.13729999959468842
0.13729999959468842
0.13748300075531006
0.13745200634002686
0.1376349925994873
0.13778799772262573
0.13778799772262573
0.13781799376010895
0.13797099888324738
0.13797099888324738
0.13815400004386902
0.13815400004386902
0.13830700516700745
0.13830700516700745
0.1384589970111847
0.1384900063276291
0.13867299258708954
0.13864199817180634
0.13882499933242798
0.13882499933242798
0.1390089988708496
0.1389780044555664
0.13916100561618805
0.1393440067768097
0.1393440067768097
0.1393440067768097
0.13952699303627014
0.13949699699878693
0.13967999815940857
0.13967999815940857
0.139832004904747
0.139832004904747
0.14001600444316864
0.14001600444316864
0.1401679962873459
0.1401679962873459
0.14035099744796753
0.14035099744796753
0.14050400257110596
0.14053399860858917
0.1406870037317276
0.14087000489234924
0.14087000489234924
0.14083999395370483
0.14102299511432648
0.1410530060529709
0.14120599627494812
0.14120599627494812
0.14135800302028656
0.14138899743556976
0.1415410041809082
0.1415109932422638
0.14169399440288544
0.14172500371932983
0.14187699556350708
0.14187699556350708
0.14205999672412872
0.14205999672412872
0.14218200743198395
0.14221300184726715
0.1423649936914444
0.1423649936914444
0.14254899322986603
0.14254899322986603
0.14270099997520447
0.14270099997520447
0.1428840011358261
0.1428840011358261
0.14306700229644775
0.14303700625896454
0.14322000741958618
0.1432500034570694
0.14340299367904663
0.14340299367904663
0.14355599880218506
0.14355599880218506
0.1437389999628067
0.14389100670814514
0.14392200112342834
0.14392200112342834
0.1440739929676056
0.1440739929676056
0.14422699809074402
0.14422699809074402
0.14440999925136566
0.14440999925136566
0.1445930004119873
0.1445930004119873
0.14471499621868134
0.14474600553512573
0.14489799737930298
0.14489799737930298
0.1450819969177246
0.1450819969177246
0.14523400366306305
0.1454170048236847
0.1454170048236847
0.1454170048236847
0.14560000598430634
0.14556999504566193
0.14575299620628357
0.14575299620628357
0.1459359973669052
0.1459359973669052
0.14608900249004364
0.14608900249004364
0.14627200365066528
0.14627200365066528
0.14642399549484253
0.14642399549484253
0.14660699665546417
0.14660699665546417
0.1467909961938858
0.1467600017786026
0.14694300293922424
0.1471260040998459
0.1471260040998459
0.1471569985151291
0.14727899432182312
0.14730900526046753
0.14749200642108917
0.14746199548244476
0.1476449966430664
0.1476140022277832
0.14782799780368805
0.14779800176620483
0.14798100292682648
0.14798100292682648
0.14813299477100372
0.14813299477100372
0.14831599593162537
0.14831599593162537
0.1484690010547638
0.14865200221538544
0.14865200221538544
0.14865200221538544
0.14880500733852386
0.14883500337600708
0.14898799359798431
0.14898799359798431
0.14914000034332275
0.14914000034332275
0.1493230015039444
0.1493230015039444
0.14950700104236603
0.14950700104236603
0.14965899288654327
0.14965899288654327
0.14984199404716492
0.14984199404716492
0.15002499520778656
0.150178000330925
0.150178000330925
0.150178000330925
0.15033100545406342
0.15036100149154663
0.15051400661468506
0.15051400661468506
0.1506659984588623
0.1506659984588623
0.15081900358200073
0.15084899961948395
0.1510320007801056
0.15100200474262238
0.1511549949645996
0.15118500590324402
0.15136800706386566
0.15133799612522125
0.1515209972858429
0.15170399844646454
0.15170399844646454
0.15170399844646454
0.15185600519180298
0.15185600519180298
0.1520400047302246
0.1520400047302246
0.15219199657440186
0.15219199657440186
0.1523749977350235
0.1524060070514679
0.15255799889564514
0.15252800285816193
0.15271100401878357
0.15274100005626678
0.1528940051794052
0.1528940051794052
0.15301600098609924
0.1532299965620041
0.1531990021467209
0.1531990021467209
0.15338200330734253
0.15335200726985931
0.15356500446796417
0.15356500446796417
0.1537179946899414
0.1537179946899414
0.15387099981307983
0.15390099585056305
0.15405400097370148
0.15405400097370148
0.15423700213432312
0.15423700213432312
0.15438899397850037
0.15438899397850037
0.154571995139122
0.154571995139122
0.15475599467754364
0.15493899583816528
0.15490800142288208
0.15490800142288208
0.15509100258350372
0.1550610065460205
0.15524399280548096
0.15524399280548096
0.1554269939661026
0.1554269939661026
0.15560999512672424
0.15560999512672424
0.15576300024986267
0.15576300024986267
0.1559150069952011
0.1559150069952011
0.15606799721717834
0.15606799721717834
0.1562509983778
0.15643399953842163
0.15643399953842163
0.15643399953842163
0.15658700466156006
0.15658700466156006
0.1567700058221817
0.1567700058221817
0.15695300698280334
0.15695300698280334
0.1571359932422638
0.1571049988269806
0.15725800395011902
0.15728899836540222
0.15744100511074066
0.15744100511074066
0.1576240062713623
0.1576240062713623
0.15777699649333954
0.15795999765396118
0.1579899936914444
0.15795999765396118
0.15814299881458282
0.15814299881458282
0.15832599997520447
0.15829600393772125
0.1584479957818985
0.1584479957818985
0.15863099694252014
0.15863099694252014
0.15881399810314178
0.15878400206565857
0.1589670032262802
0.1589670032262802
0.15915000438690186
0.15915000438690186
0.1593029946088791
0.15948599576950073
0.15948599576950073
0.15945500135421753
0.15963800251483917
0.15966899693012238
0.1598220020532608
0.15985199809074402
0.16000500321388245
0.16000500321388245
0.1601569950580597
0.1601569950580597
0.16033999621868134
0.16031000018119812
0.16049300134181976
0.16049300134181976
0.1606760025024414
0.1606760025024414
0.16085900366306305
0.1610420048236847
0.16101199388504028
0.16101199388504028
0.16116400063037872
0.16116400063037872
0.16134700179100037
0.16134700179100037
0.1615000069141388
0.1615000069141388
0.16168299317359924
0.16168299317359924
0.16183599829673767
0.1618659943342209
0.16201899945735931
0.16204899549484253
0.16217100620269775
0.16220200061798096
0.1623540073633194
0.1623540073633194
0.16253800690174103
0.16268999874591827
0.16268999874591827
0.16272099316120148
0.16287299990653992
0.1628430038690567
0.16305600106716156
0.16302600502967834
0.1632090061903
0.1632090061903
0.16336199641227722
0.16339200735092163
0.16354499757289886
0.16354499757289886
0.1637279987335205
0.1637279987335205
0.16388000547885895
0.16384999454021454
0.1640630066394806
0.16421599686145782
0.16421599686145782
0.16421599686145782
0.16436900198459625
0.16436900198459625
0.1645520031452179
0.1645520031452179
0.16473500430583954
0.16473500430583954
0.16488699615001678
0.16491800546646118
0.16507099568843842
0.16507099568843842
0.16522300243377686
0.16528399288654327
0.1654060035943985
0.1654060035943985
0.16555899381637573
0.16555899381637573
0.16574199497699738
0.16577200591564178
0.16592499613761902
0.16592499613761902
0.16607800126075745
0.16610799729824066
0.1662610024213791
0.1662610024213791
0.16641299426555634
0.16644400358200073
0.16659599542617798
0.16659599542617798
0.1667490005493164
0.1667490005493164
0.16693200170993805
0.16693200170993805
0.16708500683307648
0.16726799309253693
0.16726799309253693
0.16726799309253693
0.16741999983787537
0.16741999983787537
0.167603000998497
0.167603000998497
0.16778700053691864
0.16778700053691864
0.16797000169754028
0.16797000169754028
0.16812199354171753
0.16812199354171753
0.16830499470233917
0.16827499866485596
0.1684579998254776
0.1684579998254776
0.16861100494861603
0.1688240021467209
0.16879400610923767
0.16879400610923767
0.16894599795341492
0.16897700726985931
0.16915999352931976
0.16912899911403656
0.1693120002746582
0.1693120002746582
0.16949599981307983
0.16949599981307983
0.16964800655841827
0.16961799561977386
0.16983099281787872
0.1698009967803955
0.16995300352573395
0.16995300352573395
0.1701360046863556
0.17032000422477722
0.17032000422477722
0.17032000422477722
0.17050300538539886
0.17047199606895447
0.1706549972295761
0.1706860065460205
0.17083799839019775
0.17080800235271454
0.17099100351333618
0.1710209995508194
0.17117400467395782
0.17114399373531342
0.17135700583457947
0.17135700583457947
0.1715099960565567
0.1715099960565567
0.17166200280189514
0.17166200280189514
0.1718759983778
0.17202900350093842
0.17202900350093842
0.17199799418449402
0.17218099534511566
0.17218099534511566
0.1723639965057373
0.1723340004682541
0.17251700162887573
0.17251700162887573
0.17266899347305298
0.17266899347305298
0.1728529930114746
0.17288300395011902
0.17300499975681305
0.17303599417209625
0.1731880009174347
0.1731880009174347
0.17337100207805634
0.17352400720119476
0.17352400720119476
0.17352400720119476
0.1737380027770996
0.1737069934606552
0.17385999858379364
0.17385999858379364
0.1740729957818985
0.1740729957818985
0.17422600090503693
0.17422600090503693
0.17440900206565857
0.17440900206565857
0.1745309978723526
0.1745309978723526
0.17471399903297424
0.17471399903297424
0.1748970001935959
0.17505000531673431
0.17508000135421753
0.17505000531673431
0.17523300647735596
0.17523300647735596
0.1754159927368164
0.1753849983215332
0.17556899785995483
0.17556899785995483
0.17575199902057648
0.17575199902057648
0.17590400576591492
0.17593500018119812
0.17611800134181976
0.17608700692653656
0.1762399971485138
0.1762399971485138
0.17642299830913544
0.17657600343227386
0.17660599946975708
0.17660599946975708
0.1767590045928955
0.17678900063037872
0.17694200575351715
0.17694200575351715
0.1770939975976944
0.1770939975976944
0.17727799713611603
0.17727799713611603
0.17743000388145447
0.17743000388145447
0.1776130050420761
0.1776130050420761
0.17776599526405334
0.177948996424675
0.17791800200939178
0.17791800200939178
0.17813199758529663
0.17813199758529663
0.17828500270843506
0.17825399339199066
0.1784680038690567
0.1784680038690567
0.17861999571323395
0.17865100502967834
0.1788029968738556
0.1788029968738556
0.17898699641227722
0.17895600199699402
0.17913900315761566
0.17913900315761566
0.1793220043182373
0.17947499454021454
0.17947499454021454
0.17944400012493134
0.17962700128555298
0.17965799570083618
0.1798110008239746
0.1798110008239746
0.17996299266815186
0.17999400198459625
0.1801459938287735
0.1801459938287735
0.18029899895191193
0.18032899498939514
0.18048200011253357
0.18048200011253357
0.180634006857872
0.1806650012731552
0.18084800243377686
0.1810009926557541
0.1810009926557541
0.1810009926557541
0.18115299940109253
0.18118399381637573
0.18133600056171417
0.18133600056171417
0.1815200001001358
0.1815200001001358
0.18167200684547424
0.18167200684547424
0.18182499706745148
0.1818549931049347
0.18203799426555634
0.18203799426555634
0.18219099938869476
0.18219099938869476
0.1823430061340332
0.18252700567245483
0.18255700170993805
0.18252700567245483
0.18267899751663208
0.18267899751663208
0.18289299309253693
0.18289299309253693
0.18304499983787537
0.18301500380039215
0.1831980049610138
0.1831980049610138
0.18335099518299103
0.18338100612163544
0.18353399634361267
0.18353399634361267
0.18371699750423431
0.1836860030889511
0.18386900424957275
0.18402199447155
0.1840520054101944
0.1840520054101944
0.18423600494861603
0.18420499563217163
0.18438799679279327
0.18438799679279327
0.18457099795341492
0.1845410019159317
0.18472400307655334
0.18472400307655334
0.184907004237175
0.1848759949207306
0.18509000539779663
0.18509000539779663
0.18524299561977386
0.18524299561977386
0.1853950023651123
0.18557800352573395
0.18557800352573395
0.18557800352573395
0.1857610046863556
0.18573099374771118
0.18591399490833282
0.18591399490833282
0.18606700003147125
0.18606700003147125
0.1862500011920929
0.1862500011920929
0.18640199303627014
0.18640199303627014
0.18658499419689178
0.18658499419689178
0.1867379993200302
0.1867379993200302
0.18692100048065186
0.1871040016412735
0.1871040016412735
0.1871040016412735
0.18725700676441193
0.18728700280189514
0.18743999302387238
0.18747000396251678
0.1875929981470108
0.18762299418449402
0.18777599930763245
0.18777599930763245
0.1879280060529709
0.1879280060529709
0.18814200162887573
0.18811100721359253
0.18826399743556976
0.18826399743556976
0.1884779930114746
0.18860000371932983
0.18862999975681305
0.18862999975681305
0.1888130009174347
0.18878300487995148
0.18896600604057312
0.18893499672412872
0.18911799788475037
0.18911799788475037
0.189300999045372
0.189300999045372
0.18945400416851044
0.18945400416851044
0.18966799974441528
0.18963700532913208
0.18978999555110931
0.18982000648975372
0.18997299671173096
0.1901559978723526
0.1901559978723526
0.1901559978723526
0.19030900299549103
0.19030900299549103
0.19049200415611267
0.19049200415611267
0.19064399600028992
0.19067500531673431
0.19082699716091156
0.19082699716091156
0.19098000228405
0.19098000228405
0.19116300344467163
0.19116300344467163
0.19131599366664886
0.19131599366664886
0.1914989948272705
0.1914989948272705
0.19165100157260895
0.1918340027332306
0.1918340027332306
0.1918340027332306
0.19201800227165222
0.19201800227165222
0.19216999411582947
0.19216999411582947
0.1923529952764511
0.1923840045928955
0.19250600039958954
0.19250600039958954
0.19268900156021118
0.19268900156021118
0.1928420066833496
0.1928420066833496
0.19302499294281006
0.19302499294281006
0.1932079941034317
0.19339099526405334
0.19336000084877014
0.19336000084877014
0.19351300597190857
0.19351300597190857
0.19372700154781342
0.1936960071325302
0.19387899339199066
0.19391000270843506
0.1940319985151291
0.1940319985151291
0.19418400526046753
0.19421499967575073
0.19439800083637238
0.19436700642108917
0.1945199966430664
0.1945510059595108
0.19473400712013245
0.1948859989643097
0.1948859989643097
0.1948859989643097
0.19506900012493134
0.19506900012493134
0.19525200128555298
0.19522200524806976
0.195373997092247
0.1954050064086914
0.19558799266815186
0.19555799663066864
0.19574099779129028
0.19574099779129028
0.19592399895191193
0.19592399895191193
0.19607600569725037
0.19607600569725037
0.196259006857872
0.19641199707984924
0.19644300639629364
0.19641199707984924
0.1965949982404709
0.19656500220298767
0.19674800336360931
0.19674800336360931
0.19693100452423096
0.19689999520778656
0.1970829963684082
0.1971140056848526
0.19726699590682983
0.19726699590682983
0.19741900265216827
0.19741900265216827
0.1975719928741455
0.19760200381278992
0.19778500497341156
0.1979379951953888
0.1979379951953888
0.1979680061340332
0.19809100031852722
0.19812099635601044
0.19830399751663208
0.19827400147914886
0.1984570026397705
0.1984570026397705
0.19860899448394775
0.19860899448394775
0.1987919956445694
0.1987919956445694
0.19897599518299103
0.19897599518299103
0.19909800589084625
0.19909800589084625
0.1992810070514679
0.19946399331092834
0.19946399331092834
0.19946399331092834
0.19961600005626678
0.19961600005626678
0.1997690051794052
0.19979999959468842
0.19995200634002686
0.19995200634002686
0.2001049965620041
0.2001349925994873
0.20031799376010895
0.20031799376010895
0.20047099888324738
0.20047099888324738
0.20065400004386902
0.20065400004386902
0.20080700516700745
0.2009900063276291
0.2009900063276291
0.2009900063276291
0.20117299258708954
0.20117299258708954
0.20132499933242798
0.20132499933242798
0.2015089988708496
0.2015089988708496
0.20166100561618805
0.20166100561618805
0.2018440067768097
0.2018440067768097
0.20199699699878693
0.20199699699878693
0.20217999815940857
0.20217999815940857
0.2023629993200302
0.20248499512672424
0.20248499512672424
0.20251600444316864
0.20269900560379028
0.2026679962873459
0.20285099744796753
0.20285099744796753
0.20303399860858917
0.20303399860858917
0.2031870037317276
0.2031559944152832
0.20337000489234924
0.20337000489234924
0.2035530060529709
0.20352299511432648
0.20367500185966492
0.20370599627494812
0.20388899743556976
0.2040410041809082
0.2040410041809082
0.2040410041809082
0.20422500371932983
0.20422500371932983
0.20440800487995148
0.20434699952602386
0.2045300006866455
0.2045300006866455
0.20471300184726715
0.20471300184726715
0.2048649936914444
0.2048649936914444
0.20504899322986603
0.20504899322986603
0.20520099997520447
0.2053840011358261
0.2053840011358261
0.2053840011358261
0.20556700229644775
0.20553700625896454
0.20572000741958618
0.2057500034570694
0.20590299367904663
0.20590299367904663
0.20605599880218506
0.20608599483966827
0.2062389999628067
0.2062389999628067
0.20642200112342834
0.20639100670814514
0.2065739929676056
0.2065739929676056
0.20675800740718842
0.20675800740718842
0.20688000321388245
0.2070630043745041
0.2070930004119873
0.2070930004119873
0.20724600553512573
0.20724600553512573
0.2074590027332306
0.2074590027332306
0.2075819969177246
0.2075819969177246
0.20776499807834625
0.20776499807834625
0.2079170048236847
0.2079170048236847
0.20810000598430634
0.20806999504566193
0.20825299620628357
0.2084359973669052
0.2084359973669052
0.2084359973669052
0.20861899852752686
0.20858900249004364
0.2088019996881485
0.2088019996881485
0.20895500481128693
0.20892399549484253
0.20910699665546417
0.20913800597190857
0.2092909961938858
0.2092909961938858
0.20947399735450745
0.20944300293922424
0.2096260040998459
0.2096569985151291
0.20980900526046753
0.20996199548244476
0.20996199548244476
0.20996199548244476
0.2101449966430664
0.2101449966430664
0.21026700735092163
0.21029800176620483
0.21044999361038208
0.21044999361038208
0.21063299477100372
0.21063299477100372
0.21081599593162537
0.21081599593162537
0.2109690010547638
0.2109690010547638
0.21115200221538544
0.21115200221538544
0.21130500733852386
0.21148799359798431
0.21148799359798431
0.21148799359798431
0.21167099475860596
0.21167099475860596
0.2118230015039444
0.2118230015039444
0.21200700104236603
0.21200700104236603
0.21212899684906006
0.21215899288654327
0.21234199404716492
0.21234199404716492
0.21252499520778656
0.21252499520778656
0.212678000330925
0.21264700591564178
0.21283100545406342
0.21298299729824066
0.21298299729824066
0.21301400661468506
0.2131659984588623
0.2131659984588623
0.21334899961948395
0.21334899961948395
0.2135320007801056
0.21350200474262238
0.21368500590324402
0.21368500590324402
0.21383799612522125
0.21386800706386566
0.2140509933233261
0.2140209972858429
0.21420399844646454
0.21435600519180298
0.21438699960708618
0.21438699960708618
0.2145400047302246
0.2145089954137802
0.21469199657440186
0.21472300589084625
0.2148749977350235
0.2149060070514679
0.21502800285816193
0.21505799889564514
0.21521100401878357
0.21517999470233917
0.2153639942407608
0.2153639942407608
0.21554699540138245
0.21554699540138245
0.2156990021467209
0.21585200726985931
0.21588200330734253
0.21588200330734253
0.21606500446796417
0.21606500446796417
0.2162179946899414
0.2162179946899414
0.21640099585056305
0.21640099585056305
0.21655400097370148
0.21655400097370148
0.21673700213432312
0.21673700213432312
0.21692000329494476
0.21692000329494476
0.217071995139122
0.217071995139122
0.21725599467754364
0.21743899583816528
0.21740800142288208
0.21740800142288208
0.2175610065460205
0.21759100258350372
0.21777400374412537
0.21774399280548096
0.2178959995508194
0.2179269939661026
0.21807999908924103
0.21807999908924103
0.21826300024986267
0.21826300024986267
0.21844600141048431
0.21844600141048431
0.21856799721717834
0.21859799325466156
0.2187809944152832
0.21896499395370483
0.21893399953842163
0.21893399953842163
0.21908700466156006
0.21911700069904327
0.2192700058221817
0.2192700058221817
0.21942199766635895
0.21942199766635895
0.2196049988269806
0.2196359932422638
0.21978899836540222
0.21975800395011902
0.21997199952602386
0.21997199952602386
0.2201240062713623
0.2201240062713623
0.22027699649333954
0.22042900323867798
0.22042900323867798
0.22045999765396118
0.2206130027770996
0.2206130027770996
0.22079600393772125
0.22082599997520447
0.2209479957818985
0.2209479957818985
0.22113099694252014
0.22113099694252014
0.22128400206565857
0.22128400206565857
0.2214670032262802
0.2214670032262802
0.22165000438690186
0.22165000438690186
0.2218029946088791
0.22198599576950073
0.22198599576950073
0.22198599576950073
0.22216899693012238
0.22216899693012238
0.2223220020532608
0.22235199809074402
0.22250500321388245
0.22250500321388245
0.2226569950580597
0.2226569950580597
0.22283999621868134
0.22283999621868134
0.22299300134181976
0.22299300134181976
0.2231760025024414
0.2231760025024414
0.22332899272441864
0.2235420048236847
0.22348099946975708
0.22351199388504028
0.22366400063037872
0.22366400063037872
0.22384700179100037
0.22381700575351715
0.224030002951622
0.224030002951622
0.22418299317359924
0.22418299317359924
0.22433599829673767
0.2244269996881485
0.22451899945735931
0.22451899945735931
0.22467100620269775
0.22470200061798096
0.2248540073633194
0.22503800690174103
0.22503800690174103
0.22503800690174103
0.22522099316120148
0.22518999874591827
0.22537299990653992
0.22537299990653992
0.22552600502967834
0.22555600106716156
0.2257090061903
0.2257090061903
0.22589200735092163
0.22586199641227722
0.22601400315761566
0.22604499757289886
0.2261970043182373
0.2262279987335205
0.22638000547885895
0.22653299570083618
0.2265630066394806
0.2265630066394806
0.22671599686145782
0.22671599686145782
0.22689899802207947
0.22689899802207947
0.2270520031452179
0.2270520031452179
0.22723500430583954
0.22723500430583954
0.22741800546646118
0.22741800546646118
0.22757099568843842
0.22757099568843842
0.22775399684906006
0.22772300243377686
0.2279060035943985
0.22805899381637573
0.22808900475502014
0.22808900475502014
0.22827200591564178
0.22824199497699738
0.22842499613761902
0.22845600545406342
0.22860799729824066
0.22857800126075745
0.2287610024213791
0.2287610024213791
0.22891299426555634
0.22891299426555634
0.22906599938869476
0.22909599542617798
0.2292490005493164
0.2292490005493164
0.22943200170993805
0.2296150028705597
0.2296150028705597
0.22958500683307648
0.22976799309253693
0.22976799309253693
0.22995099425315857
0.22995099425315857
0.230103000998497
0.230103000998497
0.23028700053691864
0.23028700053691864
0.23047000169754028
0.23047000169754028
0.23059199750423431
0.23065300285816193
0.23080499470233917
0.23080499470233917
0.2309579998254776
0.23107999563217163
0.23114100098609924
0.23114100098609924
0.23129400610923767
0.2313240021467209
0.23144599795341492
0.23147700726985931
0.23162899911403656
0.23162899911403656
0.2318120002746582
0.2318120002746582
0.23199599981307983
0.23196500539779663
0.23214800655841827
0.23214800655841827
0.23233099281787872
0.23233099281787872
0.23248399794101715
0.2326360046863556
0.2326360046863556
0.2326669991016388
0.23282000422477722
0.23282000422477722
0.23297199606895447
0.23297199606895447
0.2331549972295761
0.2331549972295761
0.23330800235271454
0.23333799839019775
0.2335209995508194
0.23349100351333618
0.23367400467395782
0.23367400467395782
0.23385700583457947
0.23385700583457947
0.2340099960565567
0.23416200280189514
0.23419299721717834
0.23419299721717834
0.23431499302387238
0.23434500396251678
0.23449799418449402
0.23449799418449402
0.23468099534511566
0.23468099534511566
0.2348340004682541
0.2348639965057373
0.23501700162887573
0.23501700162887573
0.23516899347305298
0.23520000278949738
0.23538300395011902
0.2353529930114746
0.23553599417209625
0.2356880009174347
0.2357189953327179
0.2357189953327179
0.23587100207805634
0.23587100207805634
0.23602400720119476
0.23605400323867798
0.2362069934606552
0.2362069934606552
0.23632900416851044
0.23638999462127686
0.2365729957818985
0.23654299974441528
0.23669500648975372
0.23669500648975372
0.23690900206565857
0.23687799274921417
0.237062007188797
0.23721399903297424
0.23721399903297424
0.23721399903297424
0.2374279946088791
0.2373970001935959
0.23755000531673431
0.23755000531673431
0.23773300647735596
0.23773300647735596
0.2378849983215332
0.2379159927368164
0.23806899785995483
0.23806899785995483
0.23825199902057648
0.23822100460529327
0.23840400576591492
0.23855699598789215
0.23858700692653656
0.23858700692653656
0.238769993185997
0.2387399971485138
0.23892299830913544
0.23895399272441864
0.23910599946975708
0.23910599946975708
0.2392279952764511
0.2392279952764511
0.23941099643707275
0.23944200575351715
0.2395939975976944
0.2395939975976944
0.23974700272083282
0.23974700272083282
0.23993000388145447
0.2401130050420761
0.2400829941034317
0.2400829941034317
0.24026599526405334
0.24029600620269775
0.240448996424675
0.240448996424675
0.24060200154781342
0.24060200154781342
0.24078500270843506
0.24075399339199066
0.2409369945526123
0.2409680038690567
0.24111999571323395
0.24111999571323395
0.2413029968738556
0.24127300083637238
0.24145600199699402
0.24163900315761566
0.24163900315761566
0.24160900712013245
0.2417609989643097
0.2417919933795929
0.24197499454021454
0.24197499454021454
0.24215799570083618
0.24215799570083618
0.2423110008239746
0.2422800064086914
0.24246299266815186
0.24249400198459625
0.2426770031452179
0.2426459938287735
0.24279899895191193
0.24282899498939514
0.24298200011253357
0.2431650012731552
0.2431650012731552
0.243134006857872
0.24331800639629364
0.24331800639629364
0.2435009926557541
0.2435009926557541
0.24365299940109253
0.24365299940109253
0.24383600056171417
0.24383600056171417
0.2440200001001358
0.2440200001001358
0.24420300126075745
0.24420300126075745
0.24432499706745148
0.24450799822807312
0.24450799822807312
0.24450799822807312
0.24466000497341156
0.24466000497341156
0.2448740005493164
0.2448129951953888
0.24502700567245483
0.24502700567245483
0.24517899751663208
0.24517899751663208
0.24536199867725372
0.24536199867725372
0.24551500380039215
0.24554499983787537
0.2456980049610138
0.2456980049610138
0.24585099518299103
0.24603399634361267
0.24603399634361267
0.24603399634361267
0.24621699750423431
0.24621699750423431
0.24636900424957275
0.24639999866485596
0.2465520054101944
0.2465520054101944
0.24670499563217163
0.24670499563217163
0.24688799679279327
0.24685800075531006
0.2470410019159317
0.2470410019159317
0.24722400307655334
0.24722400307655334
0.247407004237175
0.2473759949207306
0.24755999445915222
0.24752900004386902
0.24771200120449066
0.24774299561977386
0.2478650063276291
0.2478950023651123
0.24807800352573395
0.24807800352573395
0.24823099374771118
0.24823099374771118
0.2483839988708496
0.24841399490833282
0.24856700003147125
0.24856700003147125
0.2487500011920929
0.2487500011920929
0.24890199303627014
0.24908499419689178
0.24911600351333618
0.24908499419689178
0.2492379993200302
0.2492379993200302
0.24942100048065186
0.24942100048065186
0.2496040016412735
0.24957400560379028
0.24975700676441193
0.24975700676441193
0.24990899860858917
0.24990899860858917
0.2501240074634552
0.250093013048172
0.25027701258659363
0.25024598836898804
0.2504290044307709
0.2505820095539093
0.2506119906902313
0.2505820095539093
0.25076499581336975
0.25076499581336975
0.2509480118751526
0.2509480118751526
0.25113099813461304
0.25110098719596863
0.25125300884246826
0.25128400325775146
0.2514669895172119
0.2514359951019287
0.25158900022506714
0.25161901116371155
0.251801997423172
0.2519550025463104
0.25198599696159363
0.2519550025463104
0.25210800766944885
0.2521379888057709
0.2522909939289093
0.2522909939289093
0.25247400999069214
0.25247400999069214
0.2526260018348694
0.2526569962501526
0.2527790069580078
0.2527790069580078
0.25296199321746826
0.25296199321746826
0.2531450092792511
0.2531149983406067
0.2532980144023895
0.25348100066185
0.25348100066185
0.25348100066185
0.2536329925060272
0.2536329925060272
0.25381699204444885
0.25381699204444885
0.2539690136909485
0.2539690136909485
0.25415199995040894
0.25415199995040894
0.2543349862098694
0.2543349862098694
0.2544879913330078
0.2544879913330078
0.25467100739479065
0.25467100739479065
0.2548539936542511
0.2550069987773895
0.2550069987773895
0.2550069987773895
0.25519001483917236
0.2551589906215668
0.2553420066833496
0.2553730010986328
0.25552600622177124
0.25552600622177124
0.2556479871273041
0.2557390034198761
0.2558610141277313
0.2558920085430145
0.25601398944854736
0.25598299503326416
0.256166011095047
0.2561970055103302
0.25635001063346863
0.2565329968929291
0.2565329968929291
0.2565329968929291
0.2567160129547119
0.2567160129547119
0.25686800479888916
0.2569600045681
0.2570210099220276
0.2570509910583496
0.25720399618148804
0.25720399618148804
0.2573870122432709
0.2574180066585541
0.2575699985027313
0.2575399875640869
0.25769200921058655
0.25772300362586975
0.2579059898853302
0.25808900594711304
0.25805899500846863
0.25805899500846863
0.25824201107025146
0.25824201107025146
0.2583639919757843
0.2583940029144287
0.25857698917388916
0.25857698917388916
0.2587299942970276
0.2587299942970276
0.258882999420166
0.2589130103588104
0.2590959966182709
0.2590959966182709
0.2592490017414093
0.2592490017414093
0.25940099358558655
0.2595840096473694
0.2595840096473694
0.2595840096473694
0.259768009185791
0.259768009185791
0.25995099544525146
0.25992000102996826
0.2600730061531067
0.2600730061531067
0.26025599241256714
0.26025599241256714
0.26043900847435
0.26043900847435
0.2605920135974884
0.2605920135974884
0.26080501079559326
0.2609269917011261
0.2609269917011261
0.2609269917011261
0.2610799968242645
0.26111000776290894
0.26126301288604736
0.26126301288604736
0.2614459991455078
0.2614150047302246
0.26159900426864624
0.2617819905281067
0.2617509961128235
0.2617509961128235
0.2619650065898895
0.2619650065898895
0.2621169984340668
0.26208698749542236
0.2623000144958496
0.26245298981666565
0.26245298981666565
0.26245298981666565
0.2626059949398041
0.2626360058784485
0.2627890110015869
0.26281899213790894
0.26297199726104736
0.26297199726104736
0.2631550133228302
0.2631550133228302
0.26330798864364624
0.26330798864364624
0.2634600102901459
0.2634910047054291
0.2636739909648895
0.2636429965496063
0.26382601261138916
0.2639789879322052
0.2639789879322052
0.2639789879322052
0.26416200399398804
0.26413199305534363
0.26431500911712646
0.26431500911712646
0.2644979953765869
0.2644979953765869
0.26464998722076416
0.26464998722076416
0.264833003282547
0.264833003282547
0.2649860084056854
0.2649860084056854
0.2651689946651459
0.2651689946651459
0.2653520107269287
0.26547399163246155
0.26550498604774475
0.26550498604774475
0.2656880021095276
0.2656880021095276
0.265841007232666
0.265841007232666
0.26602399349212646
0.26602399349212646
0.2662070095539093
0.2661460041999817
0.26632899045944214
0.26635900139808655
0.266512006521225
0.266512006521225
0.2666949927806854
0.2666949927806854
0.26684799790382385
0.2670310139656067
0.2670310139656067
0.2670310139656067
0.26718300580978394
0.26718300580978394
0.2673659920692444
0.2673659920692444
0.267549991607666
0.267549991607666
0.26770201325416565
0.26773300766944885
0.2678549885749817
0.2678549885749817
0.2680380046367645
0.2680380046367645
0.268220990896225
0.2684040069580078
0.2684040069580078
0.2683730125427246
0.26855701208114624
0.26855701208114624
0.2687090039253235
0.2687399983406067
0.26889199018478394
0.2689230144023895
0.2690750062465668
0.26904499530792236
0.2692280113697052
0.2692579925060272
0.26941099762916565
0.26941099762916565
0.2695640027523041
0.2695640027523041
0.2697469890117645
0.26989901065826416
0.26993000507354736
0.26989901065826416
0.2700519859790802
0.2700819969177246
0.27026599645614624
0.27026599645614624
0.27038800716400146
0.2704179883003235
0.2706010043621063
0.2706010043621063
0.27075400948524475
0.27075400948524475
0.2709369957447052
0.2709369957447052
0.27109000086784363
0.27109000086784363
0.2712729871273041
0.2714250087738037
0.2714250087738037
0.2714560031890869
0.27157801389694214
0.27163898944854736
0.2717300057411194
0.2717610001564026
0.27194398641586304
0.271914005279541
0.27206599712371826
0.27209699153900146
0.2722800076007843
0.2722800076007843
0.27246299386024475
0.27243199944496155
0.272614985704422
0.272614985704422
0.2727679908275604
0.27295100688934326
0.27295100688934326
0.27295100688934326
0.2731649875640869
0.2731040120124817
0.27328699827194214
0.27328699827194214
0.273470014333725
0.273470014333725
0.2736530005931854
0.273622989654541
0.27380600571632385
0.27380600571632385
0.2739579975605011
0.2739279866218567
0.2741110026836395
0.27414101362228394
0.2743239998817444
0.2744770050048828
0.2744460105895996
0.2744770050048828
0.27465999126434326
0.27465999126434326
0.2748129963874817
0.2748129963874817
0.2749960124492645
0.2749960124492645
0.275178998708725
0.2751480042934418
0.2753309905529022
0.2753309905529022
0.27548399567604065
0.27551499009132385
0.2756370007991791
0.2758199870586395
0.2758199870586395
0.27584999799728394
0.27600300312042236
0.27597200870513916
0.2761549949645996
0.2761859893798828
0.27633899450302124
0.27633899450302124
0.2765220105648041
0.2765220105648041
0.2766740024089813
0.2766740024089813
0.2768569886684418
0.2768569886684418
0.2770099937915802
0.2770400047302246
0.27719300985336304
0.2773459851741791
0.2773149907588959
0.2773459851741791
0.2775290012359619
0.2775290012359619
0.27771198749542236
0.27768099308013916
0.277864009141922
0.277864009141922
0.27804800868034363
0.2780170142650604
0.2782000005245209
0.2782309949398041
0.2783829867839813
0.2783829867839813
0.27853599190711975
0.27856600284576416
0.2787190079689026
0.27890199422836304
0.278872013092041
0.278872013092041
0.27902400493621826
0.27905499935150146
0.2792379856109619
0.2792379856109619
0.27939000725746155
0.27942100167274475
0.279572993516922
0.279572993516922
0.279695987701416
0.279695987701416
0.27990901470184326
0.27990901470184326
0.2800309956073761
0.2800619900226593
0.28024500608444214
0.2803969979286194
0.2803969979286194
0.2803969979286194
0.280580997467041
0.2805500030517578
0.28073298931121826
0.28076401352882385
0.2809160053730011
0.2809160053730011
0.2810690104961395
0.2810690104961395
0.2812519967556
0.2812820076942444
0.2814039885997772
0.2814039885997772
0.28158798813819885
0.2817400097846985
0.2817710041999817
0.2817710041999817
0.28192299604415894
0.28192299604415894
0.28207600116729736
0.2821060121059418
0.2822589874267578
0.2822900116443634
0.28244200348854065
0.28244200348854065
0.2825950086116791
0.2825950086116791
0.2827779948711395
0.2827779948711395
0.2829299867153168
0.28296101093292236
0.2831130027770996
0.28329700231552124
0.28329700231552124
0.28326600790023804
0.2834489941596985
0.2834489941596985
0.2836019992828369
0.2836019992828369
0.28375399112701416
0.28378498554229736
0.2839680016040802
0.2839680016040802
0.28412100672721863
0.28415098786354065
0.2843039929866791
0.2843039929866791
0.2844870090484619
0.28463900089263916
0.28463900089263916
0.28466999530792236
0.2848530113697052
0.2848219871520996
0.28497499227523804
0.28500598669052124
0.2851890027523041
0.2851580083370209
0.2853110134601593
0.2853110134601593
0.28549399971961975
0.28549399971961975
0.285645991563797
0.285645991563797
0.28582999110221863
0.28582999110221863
0.28601300716400146
0.2861649990081787
0.2861649990081787
0.2861649990081787
0.28631800413131714
0.28631800413131714
0.2864699959754944
0.2865009903907776
0.286653995513916
0.2866840064525604
0.28683701157569885
0.28683701157569885
0.2870199978351593
0.2870199978351593
0.28720301389694214
0.28717198967933655
0.2873550057411194
0.2873550057411194
0.287539005279541
0.28772199153900146
0.28772199153900146
0.28769099712371826
0.2878440022468567
0.2878440022468567
0.28805699944496155
0.28805699944496155
0.2881790101528168
0.2882100045681
0.2883929908275604
0.2883630096912384
0.28854599595069885
0.28851500153541565
0.2887290120124817
0.2886979877948761
0.28888100385665894
0.28888100385665894
0.2890639901161194
0.2892169952392578
0.2892169952392578
0.289247989654541
0.28940001130104065
0.28937000036239624
0.2895529866218567
0.2895529866218567
0.2897360026836395
0.2897050082683563
0.2898879945278168
0.28985801339149475
0.2900710105895996
0.2900710105895996
0.29022398591041565
0.29022398591041565
0.2904070019721985
0.2905600070953369
0.29058998823165894
0.29058998823165894
0.29071199893951416
0.29071199893951416
0.2908949851989746
0.2908949851989746
0.29107901453971863
0.29104799032211304
0.2912310063838959
0.2912620007991791
0.2914449870586395
0.2914139926433563
0.29156699776649475
0.29156699776649475
0.2917500138282776
0.2917500138282776
0.29190298914909363
0.29208600521087646
0.29208600521087646
0.2921159863471985
0.2922689914703369
0.2922689914703369
0.29242101311683655
0.29242101311683655
0.292603999376297
0.292603999376297
0.29278799891471863
0.2927570044994354
0.29291000962257385
0.2929709851741791
0.2931230068206787
0.2930929958820343
0.29327601194381714
0.29330599308013916
0.2934280037879944
0.293612003326416
0.293612003326416
0.293612003326416
0.29376399517059326
0.29376399517059326
0.2939780056476593
0.2939470112323761
0.29412999749183655
0.29412999749183655
0.294283002614975
0.2943130135536194
0.2944360077381134
0.2944659888744354
0.29461899399757385
0.29464900493621826
0.2948020100593567
0.2948020100593567
0.29495400190353394
0.2951369881629944
0.2951680123806
0.2951680123806
0.295320987701416
0.2952899932861328
0.29547300934791565
0.29550400376319885
0.2956559956073761
0.2956559956073761
0.2958090007305145
0.29583901166915894
0.2960219979286194
0.2959609925746918
0.2961440086364746
0.2961440086364746
0.29632800817489624
0.2965109944343567
0.2965109944343567
0.2964800000190735
0.29666298627853394
0.29666298627853394
0.2968460023403168
0.29681599140167236
0.2969990074634552
0.2969990074634552
0.29718199372291565
0.29718199372291565
0.2973349988460541
0.2973349988460541
0.2975179851055145
0.2975179851055145
0.29770100116729736
0.29767000675201416
0.2978529930114746
0.29803699254989624
0.29803699254989624
0.29803699254989624
0.2981890141963959
0.2981890141963959
0.2983419895172119
0.2983720004558563
0.2985549867153168
0.2985549867153168
0.298676997423172
0.298676997423172
0.29886099696159363
0.29889100790023804
0.29904401302337646
0.29904401302337646
0.2991960048675537
0.29934900999069214
0.29934900999069214
0.29937899112701416
0.2995319962501526
0.2995319962501526
0.2997150123119354
0.2997150123119354
0.2998979985713959
0.2998979985713959
0.3000510036945343
0.3000810146331787
0.30023398995399475
0.30023398995399475
0.3003860116004944
0.3003860116004944
0.300570011138916
0.300570011138916
0.30075299739837646
0.3009360134601593
0.3009049892425537
0.3009049892425537
0.30108800530433655
0.30105799436569214
0.3012099862098694
0.3012099862098694
0.301393985748291
0.301393985748291
0.30157700181007385
0.30163800716400146
0.3017289936542511
0.3017289936542511
0.30191200971603394
0.30191200971603394
0.30206501483917236
0.3020949959754944
0.302278995513916
0.30243098735809326
0.30243098735809326
0.30240100622177124
0.3025839924812317
0.3026140034198761
0.3027670085430145
0.3027360141277313
0.3029190003871918
0.302949994802475
0.3031019866466522
0.3031019866466522
0.30325499176979065
0.30328598618507385
0.3034690022468567
0.3034380078315735
0.30362099409103394
0.30377399921417236
0.30377399921417236
0.30377399921417236
0.3039259910583496
0.3039259910583496
0.30410999059677124
0.30410999059677124
0.3042930066585541
0.3042930066585541
0.3044449985027313
0.3044449985027313
0.30462801456451416
0.30459800362586975
0.3047809898853302
0.3047809898853302
0.30496400594711304
0.30496400594711304
0.30511701107025146
0.3052999973297119
0.3052999973297119
0.3052999973297119
0.30548301339149475
0.30545198917388916
0.305635005235672
0.30581900477409363
0.30581900477409363
0.30581900477409363
0.3060019910335541
0.3059709966182709
0.3061540126800537
0.3061540126800537
0.30633699893951416
0.30630698800086975
0.3064900040626526
0.3064900040626526
0.306643009185791
0.30682599544525146
0.3068560063838959
0.3068560063838959
0.3069779872894287
0.3069779872894287
0.30719199776649475
0.30716100335121155
0.307343989610672
0.30731400847435
0.30752798914909363
0.30752798914909363
0.30768001079559326
0.30768001079559326
0.3078329861164093
0.3078329861164093
0.30801600217819214
0.3081989884376526
0.3081989884376526
0.3081989884376526
0.308351993560791
0.308351993560791
0.30853500962257385
0.30853500962257385
0.3086870014667511
0.3086870014667511
0.30886998772621155
0.30886998772621155
0.30902299284935
0.3090530037879944
0.3092060089111328
0.3092060089111328
0.30938899517059326
0.30938899517059326
0.3095110058784485
0.30969399213790894
0.30972498655319214
0.30969399213790894
0.309908002614975
0.30984699726104736
0.3100300133228302
0.3100610077381134
0.31024399399757385
0.31021299958229065
0.3103660047054291
0.3103959858417511
0.31057900190353394
0.3105489909648895
0.31073200702667236
0.31073200702667236
0.3109149932861328
0.3109149932861328
0.31106799840927124
0.3112510144710541
0.3112199902534485
0.31119000911712646
0.3114030063152313
0.3114030063152313
0.31155601143836975
0.31155601143836975
0.3117389976978302
0.3117690086364746
0.31189200282096863
0.31189200282096863
0.3120439946651459
0.3121050000190735
0.3122580051422119
0.3122270107269287
0.31237998604774475
0.31240999698638916
0.3125630021095276
0.31277701258659363
0.31274598836898804
0.31274598836898804
0.31289899349212646
0.31289899349212646
0.3131119906902313
0.3130820095539093
0.31326499581336975
0.31326499581336975
0.313416987657547
0.313416987657547
0.31360098719596863
0.31360098719596863
0.31375300884246826
0.31378400325775146
0.3139359951019287
0.3139359951019287
0.31411901116371155
0.3142719864845276
0.3142719864845276
0.314301997423172
0.3144550025463104
0.31448599696159363
0.31457701325416565
0.31460800766944885
0.3147599995136261
0.3147909939289093
0.31494298577308655
0.31494298577308655
0.3151260018348694
0.3151260018348694
0.315310001373291
0.3152790069580078
0.31546199321746826
0.3156149983406067
0.3156450092792511
0.3156450092792511
0.3157980144023895
0.3157980144023895
0.31598100066185
0.31598100066185
0.3161639869213104
0.3161639869213104
0.31628599762916565
0.31631699204444885
0.3165000081062317
0.3165000081062317
0.31665199995040894
0.31665199995040894
0.31680500507354736
0.3168349862098694
0.317018985748291
0.31717100739479065
0.31714099645614624
0.31714099645614624
0.3173240125179291
0.3173539936542511
0.3174760043621063
0.3174760043621063
0.3176589906215668
0.3176589906215668
0.3178420066833496
0.3178119957447052
0.31799501180648804
0.31799501180648804
0.3181779980659485
0.3181779980659485
0.3183310031890869
0.3183310031890869
0.31851398944854736
0.3186970055103302
0.3186970055103302
0.3186970055103302
0.31885001063346863
0.31885001063346863
0.3190329968929291
0.3190020024776459
0.3192160129547119
0.3191849887371063
0.31936800479888916
0.31936800479888916
0.3195210099220276
0.3195210099220276
0.31970399618148804
0.31973499059677124
0.3198870122432709
0.3198870122432709
0.3200089931488037
0.32019200921058655
0.32019200921058655
0.32019200921058655
0.3204059898853302
0.320374995470047
0.3205280005931854
0.3205280005931854
0.3207109868526459
0.32074201107025146
0.3208940029144287
0.3208639919757843
0.32104700803756714
0.32107698917388916
0.3212299942970276
0.3211989998817444
0.321382999420166
0.32153499126434326
0.32156598567962646
0.32156598567962646
0.3217490017414093
0.3217180073261261
0.32190099358558655
0.32190099358558655
0.3220840096473694
0.3220840096473694
0.3222370147705078
0.3222370147705078
0.32242000102996826
0.32242000102996826
0.3226029872894287
0.3225420117378235
0.32275599241256714
0.32275599241256714
0.32293900847435
0.3230920135974884
0.3230920135974884
0.3230609893798828
0.32327499985694885
0.32327499985694885
0.3234269917011261
0.3234269917011261
0.32361000776290894
0.32361000776290894
0.32376301288604736
0.32376301288604736
0.3239150047302246
0.3239150047302246
0.32412898540496826
0.32412898540496826
0.3242509961128235
0.3244340121746063
0.3244340121746063
0.3244340121746063
0.3246169984340668
0.3246169984340668
0.3247700035572052
0.3247700035572052
0.32495298981666565
0.32498401403427124
0.3251360058784485
0.3251360058784485
0.3252890110015869
0.32531899213790894
0.32547199726104736
0.32547199726104736
0.3256239891052246
0.3256239891052246
0.32577699422836304
0.3259600102901459
0.3259600102901459
0.3259600102901459
0.3261129856109619
0.3261429965496063
0.32629600167274475
0.32629600167274475
0.3264789879322052
0.3264789879322052
0.32666200399398804
0.32663199305534363
0.32681500911712646
0.32681500911712646
0.3269979953765869
0.3269979953765869
0.32714998722076416
0.32714998722076416
0.327333003282547
0.32751700282096863
0.3274860084056854
0.3274860084056854
0.3276689946651459
0.3276689946651459
0.3278520107269287
0.3278520107269287
0.32800498604774475
0.32800498604774475
0.3281880021095276
0.3281880021095276
0.32837098836898804
0.3283100128173828
0.32849299907684326
0.32852399349212646
0.3286759853363037
0.3286759853363037
0.32882899045944214
0.329012006521225
0.329041987657547
0.329012006521225
0.3291949927806854
0.3291650116443634
0.32934799790382385
0.32937800884246826
0.3295310139656067
0.3295310139656067
0.32968300580978394
0.32968300580978394
0.3298969864845276
0.3298659920692444
0.3300189971923828
0.3300189971923828
0.33020201325416565
0.3303849995136261
0.3303849995136261
0.3303849995136261
0.3305380046367645
0.3305380046367645
0.330720990896225
0.3307510018348694
0.3309040069580078
0.3308430016040802
0.33102598786354065
0.33102598786354065
0.3312090039253235
0.3312090039253235
0.3313620090484619
0.33139199018478394
0.3315750062465668
0.33154499530792236
0.3316969871520996
0.33188098669052124
0.33188098669052124
0.33191099762916565
0.3320640027523041
0.3320640027523041
0.3322469890117645
0.3322469890117645
0.33243000507354736
0.33239901065826416
0.3325819969177246
0.3325819969177246
0.33276599645614624
0.33276599645614624
0.3329179883003235
0.3329179883003235
0.3331010043621063
0.3331010043621063
0.3332839906215668
0.3334369957447052
0.3334369957447052
0.3334369957447052
0.33359000086784363
0.33359000086784363
0.3338029980659485
0.3337419927120209
0.3339250087738037
0.3339250087738037
0.33413898944854736
0.33410799503326416
0.3342610001564026
0.3342610001564026
0.33444398641586304
0.33444398641586304
0.33459699153900146
0.3347800076007843
0.3347490131855011
0.3347800076007843
0.33496299386024475
0.33496299386024475
0.3350850045681
0.3350850045681
0.3352679908275604
0.3352679908275604
0.33545100688934326
0.33545100688934326
0.3356040120124817
0.3356040120124817
0.33581700921058655
0.33578699827194214
0.335970014333725
0.335970014333725
0.3361530005931854
0.33630600571632385
0.33630600571632385
0.33630600571632385
0.3364889919757843
0.3364889919757843
0.33664101362228394
0.33667200803756714
0.3367939889431
0.3367939889431
0.3369770050048828
0.337007999420166
0.33715999126434326
0.33713001012802124
0.3373129963874817
0.3373129963874817
0.3374960124492645
0.337678998708725
0.3376480042934418
0.33761799335479736
0.3378309905529022
0.3378010094165802
0.33801499009132385
0.33798399567604065
0.3381670117378235
0.3381670117378235
0.33834999799728394
0.33834999799728394
0.33850300312042236
0.33850300312042236
0.3386549949645996
0.3386859893798828
0.33883899450302124
0.33883899450302124
0.3390220105648041
0.3391740024089813
0.3392049968242645
0.3392049968242645
0.33932700753211975
0.33932700753211975
0.3395099937915802
0.3395099937915802
0.33969300985336304
0.33969300985336304
0.3398459851741791
0.3398459851741791
0.3400290012359619
0.3400290012359619
0.34018099308013916
0.34018099308013916
0.340364009141922
0.340364009141922
0.3405170142650604
0.3407000005245209
0.3407000005245209
0.3407000005245209
0.3408829867839813
0.3408829867839813
0.34103599190711975
0.34103599190711975
0.3411880135536194
0.3411880135536194
0.34140199422836304
0.341372013092041
0.34152400493621826
0.34155499935150146
0.3417379856109619
0.3417379856109619
0.34185999631881714
0.3420430123806
0.3420430123806
0.3420430123806
0.3422259986400604
0.342195987701416
0.34237900376319885
0.3425619900226593
0.3425920009613037
0.3425619900226593
0.34274500608444214
0.34274500608444214
0.3429279923439026
0.3428969979286194
0.343080997467041
0.3430500030517578
0.34323298931121826
0.34326401352882385
0.3434469997882843
0.34359899163246155
0.34359899163246155
0.34359899163246155
0.3437519967556
0.3437820076942444
0.3439350128173828
0.3439350128173828
0.34408798813819885
0.34411799907684326
0.3442710041999817
0.3442710041999817
0.3443929851055145
0.34442299604415894
0.344637006521225
0.344637006521225
0.3447589874267578
0.3447589874267578
0.34491199254989624
0.3450950086116791
0.3451249897480011
0.3450950086116791
0.3452779948711395
0.34536901116371155
0.3454299867153168
0.3454299867153168
0.3456130027770996
0.3456130027770996
0.34576600790023804
0.3458879888057709
0.3459489941596985
0.3459799885749817
0.3461320102214813
0.3461019992828369
0.34628498554229736
0.3464680016040802
0.3464680016040802
0.3464680016040802
0.34662100672721863
0.34662100672721863
