0.00012207        
1.22071e-04
0.00030518        
0.00030518        
0.00048828        
0.00045777        
0.00064087        
0.00067139        
8.23978e-04
0.00082398        
0.00100709        
0.00100709        
0.00119019        
0.00115968        
0.00134278        
0.00134278        
0.00149537        
0.00149537        
0.00167847        
0.00167847        
0.00183106        
1.86158e-03
0.00201418        
2.01418e-03
2.22780e-03
2.19728e-03
0.00238039        
0.00238039        
0.00256349        
0.00256349        
0.00271608        
2.71608e-03
2.89918e-03
0.00286867        
0.00302126        
0.00305177        
0.00320436        
0.00320436        
3.35695e-03
0.00335695        
0.00354005        
3.57057e-03
3.72316e-03
3.72316e-03
0.00390628        
3.87575e-03
0.00405887        
0.00405887        
0.00421146        
0.00424197        
0.00442508        
4.42508e-03
4.57767e-03
0.00454715        
0.00476077        
0.00476077        
4.91336e-03
0.00491336        
0.00509647        
5.09647e-03
0.00524905        
0.00527957        
0.00543216        
0.00546268        
0.00561526        
5.58475e-03
0.00579837        
0.00573733        
5.92044e-03
0.00592044        
0.00610355        
0.00610355        
0.00625613        
0.00628665        
6.43924e-03
0.00643924        
0.00662234        
0.00662234        
6.77493e-03
0.00677493        
0.00695804        
6.95804e-03
0.00714114        
7.11063e-03
0.00729373        
7.29373e-03
0.00747684        
7.47684e-03
0.00762942        
0.00765994        
7.81256e-03
0.00784308        
0.00799567        
7.99567e-03
0.00814825        
0.00817877        
8.30084e-03
8.30084e-03
0.00848395        
0.00848395        
8.66705e-03
0.00863653        
0.00881964        
8.81964e-03
0.00900275        
8.97223e-03
0.00915533        
0.00915533        
0.00933844        
9.33844e-03
0.00952154        
0.00949103        
0.00967413        
0.00967413        
0.00985724        
0.00985724        
0.0100098       
1.00403e-02
0.0101624       
0.0101624       
0.010376      
1.03760e-02
0.0105591       
1.05286e-02
0.0107117       
1.07117e-02
1.08643e-02
0.0110474       
0.0110474       
0.0110474       
1.12000e-02
0.0112    
0.0113526       
1.13831e-02
1.15357e-02
0.0115357       
0.0117188       
0.0117188       
1.19019e-02
0.0118714       
0.0120545       
0.0120545       
0.0122376       
0.0122376       
1.23902e-02
0.0123902       
0.0125733       
1.25428e-02
0.0127259       
0.0127259       
0.012909      
0.012909      
1.30616e-02
1.30921e-02
1.32447e-02
0.0132447       
0.0134278       
1.34278e-02
1.36109e-02
0.0136109       
0.0137635       
0.0137635       
0.0139161       
0.0139466       
0.0140992       
1.40992e-02
0.0142823       
0.0142518       
0.0144654       
0.0144654       
0.0145875       
0.0145875       
0.0147706       
0.0147706       
0.0149537       
0.0149537       
0.0151063       
0.0151063       
0.0152588       
0.0152894       
0.015442      
1.54420e-02
0.0156251       
0.0156251       
0.0157777       
0.0159608       
0.0159303       
0.0159608       
1.61134e-02
1.61134e-02
1.62965e-02
0.0162965       
0.0164796       
1.64796e-02
0.0166322       
1.66627e-02
1.67848e-02
1.68153e-02
0.0169679       
0.0169679       
0.017151      
1.71510e-02
1.73646e-02
0.0174867       
0.0174867       
0.0174867       
0.0176698       
0.0176698       
0.0178224       
1.78224e-02
0.0180055       
0.0180055       
1.81581e-02
0.0181581       
0.0183412       
0.0183412       
0.0184938       
1.84938e-02
0.0186769       
0.0186769       
1.88600e-02
1.90431e-02
0.0190126       
0.0190126       
1.91957e-02
0.0191957       
0.0193788       
0.0193483       
0.0195314       
0.0195619       
0.019684      
0.0197145       
1.98671e-02
1.98671e-02
0.0200502       
2.00197e-02
2.02028e-02
2.02028e-02
2.03859e-02
0.0205384       
0.0205384       
0.0205384       
2.07216e-02
0.0207216       
2.08741e-02
2.08741e-02
2.10572e-02
2.10572e-02
0.0212404       
0.0212098       
0.0213929       
2.13929e-02
2.15760e-02
0.021576      
0.0217286       
0.0217286       
0.0219117       
2.19117e-02
2.20948e-02
2.20948e-02
2.22474e-02
0.0221864       
0.0224    
2.24305e-02
0.0225831       
0.0225831       
0.0227968       
0.0227357       
0.0229188       
2.29188e-02
0.0231019       
0.0231019       
2.32545e-02
2.32545e-02
0.0234376       
2.34376e-02
0.0235902       
0.0235902       
0.0237733       
0.0237733       
0.0239259       
2.39259e-02
2.41090e-02
0.024109      
0.0242921       
0.0242616       
2.44752e-02
0.0244447       
0.0246278       
0.0246278       
0.0248109       
2.47804e-02
2.49635e-02
0.0249635       
2.51466e-02
2.52687e-02
0.0252687       
0.0252687       
2.54823e-02
2.54823e-02
0.0256654       
0.0256044       
0.025818      
2.57875e-02
0.0260011       
0.0259706       
0.0261537       
0.0261537       
2.63063e-02
0.0263063       
0.0264894       
0.0264894       
2.66725e-02
0.026642      
0.0268251       
0.0270082       
0.0270082       
0.0270082       
0.0271608       
2.71608e-02
0.0273439       
0.0273439       
2.74965e-02
0.0274965       
0.0276796       
2.76796e-02
0.0278627       
0.0278627       
0.0280153       
0.0280153       
0.0282289       
0.0281984       
0.0283815       
2.83815e-02
0.0285341       
2.85035e-02
0.0286866       
2.86866e-02
0.0288392       
2.88697e-02
2.89918e-02
0.0290223       
0.0292054       
2.92054e-02
2.93580e-02
0.029358      
0.0295411       
0.0295411       
0.0297548       
2.97242e-02
0.0299073       
3.00599e-02
0.0300599       
0.0300599       
0.030182      
0.0302125       
0.0303651       
3.03956e-02
3.05787e-02
0.0305787       
3.07618e-02
3.07313e-02
0.0309144       
0.0309144       
0.031067      
0.0310975       
0.0312196       
3.12502e-02
0.0314028       
0.0314333       
3.15859e-02
0.0317385       
0.031769      
3.17385e-02
3.19216e-02
0.0319216       
3.20742e-02
3.21047e-02
0.0322573       
3.22573e-02
3.24404e-02
0.0324404       
3.25930e-02
0.0326235       
3.27761e-02
0.0327761       
0.0329287       
0.0329287       
0.0331118       
0.0331728       
3.32644e-02
3.32644e-02
0.033478      
3.34475e-02
3.36001e-02
3.36306e-02
0.0337832       
0.0337832       
0.0339663       
0.0339358       
0.0341189       
0.0341189       
3.42715e-02
0.0342715       
0.0344546       
3.44546e-02
3.46377e-02
0.0347903       
0.0348208       
0.0347903       
0.0349429       
0.0349734       
3.51565e-02
0.035126      
0.0353091       
0.0353091       
0.0354922       
3.54922e-02
0.0356448       
0.0356448       
3.58279e-02
0.0358279       
3.59805e-02
3.60110e-02
0.0361636       
3.62856e-02
0.0363467       
0.0363467       
0.0365298       
3.64993e-02
0.0366518       
0.0366518       
3.68350e-02
0.036835      
0.0370486       
3.70181e-02
0.0371706       
0.0371706       
3.73232e-02
0.0373538       
0.0375063       
0.0375063       
3.76894e-02
0.0378726       
0.037842      
0.0378726       
0.0380251       
0.0379946       
3.81777e-02
0.0381777       
0.0383608       
3.83608e-02
0.0385134       
0.0385439       
0.0386965       
0.038727      
0.0388796       
3.88491e-02
0.0390322       
0.0390017       
0.0392153       
0.0392153       
3.93984e-02
0.039551      
3.95205e-02
3.95510e-02
3.97036e-02
0.0397341       
0.0398867       
0.0398867       
0.0400393       
0.0400393       
4.02224e-02
0.0402224       
0.0404055       
0.0404055       
0.0405581       
0.0405581       
0.0407412       
0.0407412       
0.0409243       
4.09243e-02
4.10769e-02
0.0410769       
4.12295e-02
4.12295e-02
0.0414126       
0.0414126       
0.0415957       
0.0415957       
0.0417483       
0.0417483       
0.0419009       
0.0419314       
4.20840e-02
0.0421145       
0.0422671       
4.22671e-02
0.0424197       
4.26028e-02
4.26028e-02
0.0426028       
0.0427859       
0.0427859       
4.29385e-02
0.042969      
0.0431216       
0.0430911       
0.0432742       
4.32742e-02
4.34573e-02
0.0434573       
0.0436099       
0.0436404       
0.0437624       
0.043793      
0.0439456       
4.39761e-02
0.0441287       
4.41287e-02
4.43118e-02
0.0443118       
0.0444949       
4.44949e-02
0.0446475       
4.46475e-02
4.48306e-02
0.0447695       
0.0449831       
4.49831e-02
0.0451052       
0.0451357       
4.53188e-02
4.53188e-02
4.54714e-02
0.0456545       
4.56851e-02
0.045624      
0.0458376       
0.0458376       
4.60207e-02
4.60207e-02
0.0461428       
0.0461428       
4.63259e-02
0.0463259       
4.65090e-02
4.65090e-02
4.66921e-02
4.66616e-02
4.68447e-02
0.0468447       
0.0469973       
4.70278e-02
4.71804e-02
0.0471804       
0.0473635       
0.0473635       
0.0475161       
0.0474856       
4.76687e-02
0.0476687       
0.0478518       
4.78518e-02
0.0480349       
0.0480044       
0.0481875       
0.0481875       
0.0483706       
0.0483706       
4.85232e-02
0.0485232       
0.0487063       
4.87063e-02
0.0488589       
0.0488894       
0.049042      
0.049042      
0.0492251       
4.91946e-02
4.93777e-02
4.93777e-02
0.0495608       
0.0495303       
4.97134e-02
4.97134e-02
0.0498965       
0.0498965       
5.00796e-02
5.00796e-02
0.0502017       
5.02017e-02
5.03848e-02
5.03848e-02
0.0505679       
0.0505679       
0.050751      
5.07510e-02
5.09036e-02
5.09036e-02
0.0510867       
0.0510867       
0.0512698       
5.12698e-02
0.0514224       
0.0514224       
5.15749e-02
0.0516055       
0.0517581       
5.17581e-02
5.19412e-02
5.19412e-02
0.0520937       
0.0520937       
0.0522463       
0.0522463       
0.0524294       
0.0524294       
0.0526125       
0.0526125       
0.0527956       
0.0527956       
5.29482e-02
0.0529788       
0.0531313       
5.31008e-02
0.0533144       
0.0534365       
0.0534365       
0.0534365       
0.0536196       
0.0536196       
5.38027e-02
0.0537722       
0.0539553       
0.0539553       
0.0541079       
5.41384e-02
0.0543215       
0.054291      
0.0544741       
5.44741e-02
5.46267e-02
5.46267e-02
0.0548098       
5.48098e-02
5.49624e-02
0.0551455       
5.51760e-02
0.0551455       
5.53286e-02
0.0552981       
5.54812e-02
0.0554812       
0.0556643       
0.0556643       
5.58474e-02
5.58474e-02
5.59695e-02
5.60000e-02
5.61526e-02
0.0561526       
5.63357e-02
0.0563357       
5.64883e-02
0.0566714       
0.0566714       
5.66714e-02
0.0568545       
5.68240e-02
0.0570376       
0.0570071       
0.0571597       
5.71902e-02
5.73428e-02
5.73428e-02
5.75259e-02
5.75259e-02
0.057709      
5.76785e-02
0.0578616       
5.78616e-02
5.80142e-02
5.81973e-02
5.81973e-02
5.81973e-02
0.0583804       
0.0583804       
0.0585024       
5.85330e-02
5.86855e-02
0.0586855       
0.0588686       
5.88686e-02
0.0590212       
0.0590518       
0.0592043       
0.0592043       
0.0593874       
0.0593874       
5.95400e-02
5.97231e-02
0.0597231       
5.97231e-02
5.99062e-02
5.98757e-02
6.00588e-02
0.0600588       
0.0602419       
0.0602419       
6.03945e-02
0.0603945       
0.0605776       
6.05471e-02
0.0607302       
0.0607302       
6.09133e-02
0.0609133       
6.10964e-02
6.12185e-02
0.0612185       
0.061249      
0.0614016       
0.0614016       
0.0615847       
0.0615847       
0.0617373       
0.0617373       
0.0619204       
6.19204e-02
0.0621035       
0.062073      
0.0622561       
6.22561e-02
0.0624087       
6.24392e-02
0.062592      
0.0626225       
0.0627446       
6.27751e-02
6.29277e-02
6.29277e-02
0.0631413       
6.31108e-02
6.32939e-02
0.0632939       
6.34465e-02
0.0634465       
6.35991e-02
6.35991e-02
6.38127e-02
6.38127e-02
6.39348e-02
6.39653e-02
6.41179e-02
6.42705e-02
6.42705e-02
6.43010e-02
0.0644536       
0.0644536       
0.0646367       
0.0646367       
6.48198e-02
6.48198e-02
6.49724e-02
6.49724e-02
0.0651555       
6.51555e-02
0.0653386       
0.0653081       
0.0654912       
6.54912e-02
6.56438e-02
6.58269e-02
0.0658269       
6.58269e-02
0.06601     
6.60100e-02
0.0661626       
0.0661626       
6.63457e-02
0.0663457       
0.0664983       
0.0665288       
6.66509e-02
6.66509e-02
0.066834      
6.68340e-02
0.0669866       
6.69866e-02
0.0671697       
0.0673528       
0.0673528       
0.0673528       
6.75054e-02
0.0675054       
0.0676885       
6.76885e-02
0.0678716       
0.0678716       
0.0680242       
0.0680242       
6.82073e-02
0.0682073       
6.83599e-02
6.83599e-02
0.068543      
6.85124e-02
0.0686955       
6.86955e-02
0.0688787       
0.0688481       
0.0690312       
6.90618e-02
0.0692143       
6.92143e-02
0.0693669       
6.93974e-02
6.95500e-02
0.06955     
0.0697331       
6.97026e-02
6.98857e-02
0.0698857       
0.0700688       
0.0700688       
7.02214e-02
0.0704045       
7.04045e-02
7.04045e-02
0.0705571       
7.05571e-02
0.0707402       
7.07402e-02
7.08928e-02
7.08928e-02
0.0710759       
7.10759e-02
7.12590e-02
0.071259      
7.14116e-02
7.14116e-02
7.15947e-02
7.15642e-02
7.17473e-02
0.0719304       
0.0719304       
7.19304e-02
0.0721135       
0.072083      
7.22356e-02
0.0722661       
0.0724492       
7.24187e-02
0.0725713       
0.0726018       
0.0727544       
7.27544e-02
0.0729375       
7.29375e-02
7.31206e-02
7.30901e-02
0.0732732       
0.0732732       
0.0734563       
7.34563e-02
0.0736089       
0.0736089       
7.37920e-02
7.37920e-02
0.0739446       
0.0739751       
7.41277e-02
0.0741277       
7.42803e-02
0.0742803       
7.44634e-02
0.0744939       
0.0746465       
7.46465e-02
7.47991e-02
0.0749822       
0.0749516       
7.49516e-02
7.51348e-02
0.0751348       
7.53179e-02
0.0753179       
7.54704e-02
7.54704e-02
0.0756536       
7.56536e-02
0.0758061       
0.0758061       
7.59892e-02
0.0759587       
0.0761724       
0.0761724       
7.63555e-02
7.65080e-02
0.0764775       
7.65080e-02
7.66912e-02
7.66606e-02
0.0768437       
0.0768437       
7.69963e-02
0.0769963       
7.71794e-02
7.71794e-02
0.0773625       
7.73625e-02
0.0775151       
0.0775151       
0.0776677       
7.76677e-02
0.0778508       
7.80034e-02
7.80339e-02
7.80034e-02
7.81865e-02
0.0781865       
0.0783696       
0.0783696       
7.85527e-02
0.0785222       
0.0786748       
7.87053e-02
7.88884e-02
7.88884e-02
0.079041      
0.079041      
0.0792241       
0.0791936       
7.93767e-02
0.0795598       
7.95293e-02
0.0795293       
7.97124e-02
0.0797124       
0.0798955       
0.0798955       
8.00786e-02
8.00481e-02
0.0802007       
0.0802007       
0.0803838       
8.03838e-02
0.0805669       
0.0805669       
8.07500e-02
8.07195e-02
8.09026e-02
0.0810857 
0.0810552       
8.10857e-02
8.12383e-02
8.12383e-02
0.0814214       
0.0814214       
8.15740e-02
8.15740e-02
8.17571e-02
0.0817266       
0.0819097       
0.0819097       
8.21233e-02
8.20928e-02
8.22453e-02
8.22453e-02
8.24285e-02
8.24285e-02
0.0826116       
0.0826116       
0.0827641       
0.0827641       
8.29473e-02
0.0829167       
8.30998e-02
8.30998e-02
0.0832524       
0.0832829       
8.34355e-02
8.34355e-02
0.0835881       
0.0836186       
8.37712e-02
8.37712e-02
8.39543e-02
8.39543e-02
8.41069e-02
0.08429     
8.42900e-02
8.42900e-02
0.0844426       
0.0844426       
0.0846562       
8.46257e-02
8.48088e-02
8.48088e-02
0.0849614       
8.49614e-02
8.51445e-02
8.51445e-02
0.0852971       
0.0852971       
0.0854802       
8.54802e-02
0.0856328       
8.58464e-02
8.58159e-02
8.58159e-02
0.0859685       
0.085999      
0.0861516       
0.0861516       
8.63042e-02
0.0863347       
8.64873e-02
0.0864873       
0.0866704       
8.66704e-02
0.086823      
8.68230e-02
8.69756e-02
8.70061e-02
8.71587e-02
0.0873418       
8.73418e-02
8.73113e-02
8.74944e-02
0.0875249       
8.76775e-02
8.76775e-02
8.78606e-02
8.78606e-02
8.80132e-02
0.0880132       
0.0881963       
8.81963e-02
0.0883489       
8.83489e-02
0.0885015       
8.85015e-02
0.0886846       
8.88677e-02
0.0888371       
0.0888677       
0.0890203       
8.90203e-02
0.0892034       
0.0892034       
0.0893559       
8.93865e-02
0.0895391       
0.0895391       
0.0896916       
8.96916e-02
0.0898747       
8.98747e-02
9.00578e-02
9.00578e-02
9.02104e-02
0.0903935       
9.03935e-02
9.03935e-02
9.05461e-02
9.05766e-02
9.07292e-02
0.0907292       
9.08818e-02
0.0908818       
0.0910649       
0.0910344       
0.0912175       
9.12175e-02
0.0914006       
0.0913701       
9.15532e-02
9.15837e-02
0.0917363       
0.0918889       
9.18889e-02
9.18889e-02
9.21025e-02
0.092072      
9.22551e-02
9.22551e-02
9.24077e-02
0.0924077       
9.25908e-02
0.0925603       
0.0927434       
9.27739e-02
0.0929265       
9.29265e-02
9.31096e-02
9.31096e-02
9.32622e-02
0.0934453       
9.34148e-02
0.0934453       
9.36284e-02
9.36284e-02
9.37810e-02
9.37810e-02
9.39336e-02
9.39336e-02
0.0940862       
9.40862e-02
9.42693e-02
9.42998e-02
0.0944524       
9.44524e-02
9.46050e-02
9.46050e-02
9.47881e-02
9.49712e-02
9.49407e-02
9.49407e-02
9.51238e-02
9.51238e-02
9.53069e-02
9.52764e-02
0.0954595       
9.54595e-02
9.56426e-02
9.56426e-02
0.0957952       
0.0957952       
9.59783e-02
9.59783e-02
0.0961614       
0.0961614       
9.63445e-02
9.64665e-02
9.64665e-02
0.0964665       
0.0966496       
9.66496e-02
9.68328e-02
0.0968022       
9.69853e-02
9.69853e-02
9.71684e-02
0.0971379       
9.73210e-02
9.73210e-02
0.0975041       
9.75041e-02
9.76567e-02
0.0976872       
9.78398e-02
9.80229e-02
9.79924e-02
9.79924e-02
9.81755e-02
9.81755e-02
9.83281e-02
9.83586e-02
0.0985417       
9.85112e-02
9.86638e-02
9.86943e-02
9.88469e-02
9.88469e-02
9.89995e-02
9.89995e-02
9.91826e-02
9.92131e-02
0.0993657       
9.95183e-02
9.95183e-02
9.95183e-02
0.0997014       
0.0997014       
0.099854      
9.98845e-02
1.00037e-01
0.100037      
0.10019     
1.00190e-01
1.00373e-01
1.00373e-01
0.100556      
0.100556      
1.00708e-01
1.00739e-01
0.100892      
1.01044e-01
1.01044e-01
1.01075e-01
1.01227e-01
0.101227      
1.01410e-01
0.10141     
1.01563e-01
1.01593e-01
1.01746e-01
1.01716e-01
0.101899      
1.01899e-01
1.02051e-01
1.02051e-01
0.102234      
1.02234e-01
0.102387      
1.02570e-01
1.02601e-01
1.02570e-01
1.02753e-01
0.102753      
1.02906e-01
1.02906e-01
1.03089e-01
1.03089e-01
1.03272e-01
1.03272e-01
0.103425      
1.03425e-01
1.03577e-01
0.103608      
1.03760e-01
1.03913e-01
0.103943      
1.03943e-01
1.04096e-01
1.04096e-01
1.04279e-01
0.104279      
1.04462e-01
1.04462e-01
0.104645      
1.04584e-01
1.04767e-01
0.104767      
1.04920e-01
0.10492     
0.105103      
1.05134e-01
1.05256e-01
1.05469e-01
1.05469e-01
1.05469e-01
1.05622e-01
0.105622      
0.105774      
1.05805e-01
1.05958e-01
1.05988e-01
1.06141e-01
1.06141e-01
1.06324e-01
1.06293e-01
0.106476      
1.06476e-01
1.06659e-01
0.106629      
0.106812      
1.06995e-01
1.06995e-01
1.06995e-01
1.07148e-01
0.107148      
1.07300e-01
1.07300e-01
1.07514e-01
1.07483e-01
1.07666e-01
0.107666      
1.07819e-01
1.07819e-01
1.08002e-01
0.108002      
1.08185e-01
1.08185e-01
1.08338e-01
1.08490e-01
1.08490e-01
1.08490e-01
1.08674e-01
0.108674      
0.108857      
0.108826      
1.09009e-01
1.09009e-01
1.09223e-01
1.09192e-01
0.109345      
1.09375e-01
1.09528e-01
1.09528e-01
1.09650e-01
0.109711      
1.09833e-01
0.110047      
1.10016e-01
1.10016e-01
1.10199e-01
0.110169      
1.10352e-01
1.10352e-01
1.10505e-01
1.10535e-01
1.10718e-01
1.10718e-01
1.10901e-01
1.10871e-01
1.11054e-01
1.11054e-01
0.111207      
0.111237      
1.11390e-01
1.11573e-01
1.11542e-01
1.11542e-01
1.11725e-01
1.11725e-01
1.11878e-01
1.11878e-01
1.12061e-01
0.112092      
1.12244e-01
1.12244e-01
1.12427e-01
0.112397      
1.12580e-01
0.11258     
0.112763      
1.12732e-01
1.12916e-01
1.13068e-01
1.13068e-01
0.113068      
0.113251      
1.13251e-01
0.113434      
1.13404e-01
0.113587      
1.13587e-01
0.11377     
0.113739      
0.113923      
1.13923e-01
0.114106      
0.114106      
1.14258e-01
1.14258e-01
1.14441e-01
1.14441e-01
1.14594e-01
1.14777e-01
1.14777e-01
1.14777e-01
1.14930e-01
1.14930e-01
1.15113e-01
0.115143      
1.15296e-01
1.15296e-01
1.15448e-01
0.115448      
1.15601e-01
1.15632e-01
1.15784e-01
1.15784e-01
1.15937e-01
0.115967      
0.11612     
1.16120e-01
0.116303      
1.16303e-01
1.16456e-01
1.16486e-01
1.16639e-01
0.116608      
1.16791e-01
1.16822e-01
0.116974      
1.16974e-01
1.17157e-01
1.17157e-01
1.17310e-01
1.17310e-01
1.17493e-01
0.117463      
0.117676  
1.17829e-01
0.117829      
0.117829      
0.118012      
1.18012e-01
0.118165      
1.18195e-01
1.18317e-01
0.118348      
0.1185    
1.18500e-01
1.18653e-01
1.18683e-01
1.18836e-01
1.18836e-01
1.19019e-01
1.19019e-01
1.19172e-01
0.119355      
1.19355e-01
1.19355e-01
1.19507e-01
1.19507e-01
1.19690e-01
1.19690e-01
1.19874e-01
1.19843e-01
0.120026      
1.20026e-01
1.20209e-01
0.120209      
0.120392      
0.120362      
1.20545e-01
1.20545e-01
0.120728      
1.20850e-01
1.20881e-01
0.12085     
1.21033e-01
1.21033e-01
1.21216e-01
1.21216e-01
0.121369      
1.21369e-01
0.121552      
1.21521e-01
1.21705e-01
1.21735e-01
0.121888      
1.21888e-01
1.22071e-01
0.122071      
0.122223      
0.122406      
1.22376e-01
1.22406e-01
1.22559e-01
1.22559e-01
1.22742e-01
1.22742e-01
1.22925e-01
0.122925      
0.123078      
1.23078e-01
1.23261e-01
1.23261e-01
0.123444      
0.123383      
1.23566e-01
0.123566      
0.123749      
1.23902e-01
1.23902e-01
1.23932e-01
0.124085      
0.124085      
1.24238e-01
1.24238e-01
0.124421      
1.24421e-01
1.24604e-01
0.124604      
0.124756      
1.24756e-01
1.24939e-01
1.24939e-01
1.25093e-01
1.25093e-01
1.25276e-01
1.25459e-01
1.25459e-01
1.25459e-01
1.25611e-01
0.125611      
1.25794e-01
1.25794e-01
1.25916e-01
1.25947e-01
1.26130e-01
0.12613     
1.26283e-01
1.26283e-01
0.126466      
1.26466e-01
1.26649e-01
0.126618      
1.26801e-01
1.26954e-01
1.26985e-01
1.26954e-01
1.27137e-01
1.27107e-01
1.27320e-01
1.27320e-01
1.27473e-01
0.127473      
0.127656      
0.127656      
0.127809      
1.27809e-01
0.127992      
1.27992e-01
0.128144      
1.28175e-01
1.28297e-01
0.12848     
1.28510e-01
0.12851     
1.28663e-01
1.28663e-01
1.28846e-01
1.28816e-01
0.128999      
0.128999      
1.29182e-01
0.129151      
1.29334e-01
1.29334e-01
1.29518e-01
1.29487e-01
1.29670e-01
1.29670e-01
1.29823e-01
1.30006e-01
1.30006e-01
1.30006e-01
0.130189      
1.30189e-01
1.30342e-01
0.130372      
0.130525      
0.130525      
1.30708e-01
1.30708e-01
1.30860e-01
1.30860e-01
1.31043e-01
1.31013e-01
1.31196e-01
0.131196      
0.131379      
1.31379e-01
1.31532e-01
1.31684e-01
1.31715e-01
1.31715e-01
0.131867      
1.31837e-01
1.32051e-01
1.32051e-01
1.32234e-01
0.132234      
1.32386e-01
1.32386e-01
1.32569e-01
1.32539e-01
1.32722e-01
1.32752e-01
1.32905e-01
1.32905e-01
0.133088      
1.33058e-01
1.33241e-01
1.33241e-01
0.133393      
1.33424e-01
0.133576      
1.33576e-01
0.133729      
1.33729e-01
1.33912e-01
1.33912e-01
1.34095e-01
1.34095e-01
1.34278e-01
1.34248e-01
1.34431e-01
1.34400e-01
1.34583e-01
1.34767e-01
1.34767e-01
1.34736e-01
0.13495     
0.13495     
1.35102e-01
0.135072      
1.35285e-01
0.135255      
0.135438      
0.135438      
1.35621e-01
1.35591e-01
0.135774      
1.35774e-01
1.35957e-01
1.35957e-01
0.136109      
1.36109e-01
1.36292e-01
1.36292e-01
1.36476e-01
1.36445e-01
1.36628e-01
0.136628      
1.36781e-01
1.36781e-01
1.36964e-01
1.36964e-01
1.37116e-01
1.37116e-01
0.1373    
0.1373    
0.137483      
1.37452e-01
0.137635      
1.37635e-01
1.37818e-01
1.37818e-01
1.37971e-01
1.37971e-01
1.38154e-01
1.38124e-01
1.38307e-01
1.38307e-01
0.13849     
1.38490e-01
1.38673e-01
1.38642e-01
1.38825e-01
1.38856e-01
1.39009e-01
0.138978      
1.39192e-01
1.39344e-01
1.39344e-01
1.39344e-01
1.39497e-01
1.39527e-01
1.39680e-01
1.39649e-01
1.39832e-01
1.39832e-01
1.40016e-01
1.39985e-01
0.140168      
1.40168e-01
0.140351      
1.40351e-01
1.40534e-01
1.40504e-01
1.40687e-01
1.40870e-01
0.14087     
1.40870e-01
1.41023e-01
1.41023e-01
1.41206e-01
0.141206      
1.41358e-01
1.41358e-01
0.141541      
1.41541e-01
0.141694      
1.41725e-01
0.141877      
1.41877e-01
1.42030e-01
0.14203     
1.42243e-01
1.42396e-01
1.42396e-01
0.142365      
1.42549e-01
0.142549      
1.42701e-01
1.42732e-01
0.142884      
1.42884e-01
1.43037e-01
0.143067      
1.43250e-01
0.14322     
1.43373e-01
0.143403      
1.43586e-01
1.43556e-01
1.43739e-01
1.43891e-01
0.143922      
1.43922e-01
1.44074e-01
0.144074      
1.44227e-01
1.44258e-01
1.44410e-01
0.144441      
1.44593e-01
1.44593e-01
1.44715e-01
1.44746e-01
1.44898e-01
0.144929      
0.145082      
0.145082      
1.45234e-01
1.45417e-01
1.45417e-01
1.45417e-01
0.1456    
0.1456    
0.145783      
1.45753e-01
0.145936      
0.145936      
0.146119      
1.46089e-01
1.46272e-01
0.146272      
1.46455e-01
0.146455      
0.146607      
1.46638e-01
1.46791e-01
1.46974e-01
1.46943e-01
1.46943e-01
1.47126e-01
0.147126      
1.47309e-01
1.47248e-01
1.47431e-01
1.47492e-01
1.47645e-01
0.147645      
1.47828e-01
0.147828      
0.147981      
1.47981e-01
1.48164e-01
0.148133      
1.48286e-01
1.48469e-01
1.48469e-01
1.48469e-01
1.48652e-01
1.48652e-01
1.48805e-01
1.48835e-01
1.48988e-01
0.148988      
1.49140e-01
1.49171e-01
1.49323e-01
1.49323e-01
1.49476e-01
1.49476e-01
1.49659e-01
1.49659e-01
1.49842e-01
0.149995      
1.49995e-01
0.149995  
1.50178e-01
1.50178e-01
1.50361e-01
1.50361e-01
1.50514e-01
0.150544      
0.150697      
1.50666e-01
0.150849      
1.50849e-01
0.151032      
1.51002e-01
0.151185      
1.51185e-01
0.151338      
1.51521e-01
1.51521e-01
1.51521e-01
0.151704      
0.151704      
0.151856      
1.51856e-01
1.52040e-01
0.15204     
1.52223e-01
1.52192e-01
1.52375e-01
1.52375e-01
1.52558e-01
1.52558e-01
1.52711e-01
1.52711e-01
1.52894e-01
1.53077e-01
1.53077e-01
1.53047e-01
1.53199e-01
1.53199e-01
1.53413e-01
1.53382e-01
1.53535e-01
0.153535      
1.53749e-01
0.153718      
0.153901      
1.53901e-01
1.54054e-01
1.54084e-01
1.54237e-01
1.54237e-01
1.54420e-01
1.54572e-01
1.54572e-01
1.54572e-01
1.54725e-01
0.154725      
1.54908e-01
0.154908      
1.55091e-01
1.55091e-01
1.55244e-01
1.55274e-01
1.55427e-01
1.55427e-01
1.55610e-01
0.15561     
1.55732e-01
1.55732e-01
1.55946e-01
1.56098e-01
0.156098      
0.156098      
0.156251      
1.56251e-01
1.56434e-01
1.56434e-01
0.156587      
1.56587e-01
0.15677     
1.56770e-01
1.56922e-01
0.156922      
0.157105      
1.57105e-01
1.57258e-01
1.57289e-01
0.157441      
0.157441      
1.57624e-01
1.57624e-01
1.57807e-01
1.57807e-01
1.57960e-01
1.57960e-01
1.58143e-01
0.158174      
1.58265e-01
1.58326e-01
1.58448e-01
1.58479e-01
1.58631e-01
1.58631e-01
1.58784e-01
1.58784e-01
1.58967e-01
0.15912     
1.59150e-01
1.59150e-01
1.59303e-01
1.59303e-01
1.59455e-01
1.59486e-01
1.59638e-01
1.59638e-01
1.59822e-01
1.59822e-01
1.60005e-01
0.160005      
0.160157      
1.60157e-01
1.60340e-01
1.60340e-01
1.60493e-01
0.160645  
1.60676e-01
0.160676      
1.60859e-01
0.160829      
1.60981e-01
1.61012e-01
1.61195e-01
1.61195e-01
0.161317      
1.61378e-01
0.16153     
1.61530e-01
1.61683e-01
0.161683      
0.161866      
1.61836e-01
1.62019e-01
1.62202e-01
1.62202e-01
1.62202e-01
1.62385e-01
1.62354e-01
0.162538      
1.62538e-01
0.16269     
1.62690e-01
1.62873e-01
1.62873e-01
1.63056e-01
1.63026e-01
1.63209e-01
1.63209e-01
1.63362e-01
1.63392e-01
0.163545      
0.163514      
1.63728e-01
1.63728e-01
1.63911e-01
1.63880e-01
1.64033e-01
1.64033e-01
1.64216e-01
1.64216e-01
1.64369e-01
1.64399e-01
0.164582      
1.64582e-01
1.64735e-01
0.164735      
1.64887e-01
1.64887e-01
1.65071e-01
1.65254e-01
1.65223e-01
1.65254e-01
0.165406      
1.65406e-01
0.165589      
0.165589      
1.65772e-01
1.65742e-01
1.65925e-01
0.165925      
1.66108e-01
1.66108e-01
0.166261      
1.66261e-01
1.66444e-01
1.66444e-01
1.66627e-01
0.166596      
1.66780e-01
0.166932      
0.166932      
0.166932  
1.67085e-01
1.67115e-01
1.67268e-01
0.167268      
0.167451      
1.67451e-01
1.67603e-01
1.67603e-01
1.67787e-01
1.67787e-01
1.67970e-01
1.67939e-01
1.68122e-01
1.68122e-01
1.68275e-01
1.68458e-01
1.68458e-01
1.68458e-01
1.68611e-01
1.68611e-01
1.68824e-01
0.168794      
1.68977e-01
0.168977  
0.16916     
1.69160e-01
1.69312e-01
1.69312e-01
1.69465e-01
1.69465e-01
1.69648e-01
1.69618e-01
1.69801e-01
1.69984e-01
1.69984e-01
1.69984e-01
1.70136e-01
1.70136e-01
1.70350e-01
1.70320e-01
1.70503e-01
1.70503e-01
1.70655e-01
1.70655e-01
1.70838e-01
0.170808      
1.70991e-01
1.70991e-01
1.71174e-01
1.71357e-01
1.71357e-01
1.71327e-01
0.17151     
0.17151     
1.71662e-01
1.71662e-01
1.71815e-01
1.71845e-01
1.71998e-01
1.71998e-01
1.72181e-01
0.172181      
1.72334e-01
1.72334e-01
1.72517e-01
1.72517e-01
0.1727    
1.72669e-01
1.72822e-01
1.73036e-01
1.73036e-01
0.173036      
1.73188e-01
1.73188e-01
0.173371      
1.73371e-01
1.73554e-01
1.73524e-01
1.73707e-01
1.73738e-01
1.73890e-01
1.73890e-01
1.74073e-01
1.74043e-01
1.74226e-01
1.74195e-01
1.74409e-01
1.74562e-01
1.74562e-01
1.74562e-01
1.74745e-01
1.74714e-01
1.74897e-01
1.74897e-01
1.75050e-01
1.75080e-01
1.75233e-01
1.75233e-01
0.175416      
1.75385e-01
1.75569e-01
1.75569e-01
1.75752e-01
1.75752e-01
0.175904      
1.76087e-01
1.76087e-01
1.76087e-01
1.76270e-01
1.76270e-01
1.76423e-01
1.76423e-01
0.176606      
1.76606e-01
0.176759      
1.76759e-01
1.76942e-01
0.176942      
1.77094e-01
1.77125e-01
1.77278e-01
1.77278e-01
0.177461      
1.77461e-01
1.77613e-01
1.77613e-01
1.77766e-01
1.77766e-01
0.177949      
1.77979e-01
1.78102e-01
0.178132      
1.78285e-01
1.78285e-01
0.178468      
0.178468  
1.78620e-01
1.78620e-01
1.78803e-01
1.78803e-01
1.78956e-01
1.79139e-01
1.79139e-01
1.79139e-01
1.79322e-01
0.179322      
1.79475e-01
1.79475e-01
0.179627      
1.79627e-01
0.179811      
1.79811e-01
1.79994e-01
1.79994e-01
1.80146e-01
0.180146      
1.80329e-01
1.80299e-01
1.80482e-01
1.80665e-01
1.80665e-01
0.180665      
0.180848      
1.80818e-01
1.81001e-01
0.181001      
1.81184e-01
0.181153      
1.81336e-01
1.81336e-01
1.81489e-01
1.81489e-01
1.81672e-01
1.81672e-01
1.81855e-01
1.81825e-01
1.82038e-01
1.82191e-01
1.82191e-01
0.182191  
1.82374e-01
0.182343  
1.82527e-01
1.82527e-01
1.82710e-01
1.82679e-01
1.82862e-01
1.82862e-01
1.83015e-01
1.83076e-01
0.183198      
1.83167e-01
1.83381e-01
0.183381      
1.83534e-01
1.83717e-01
1.83717e-01
0.183717      
1.83869e-01
1.83869e-01
1.84052e-01
1.84052e-01
1.84236e-01
1.84236e-01
1.84388e-01
1.84388e-01
1.84571e-01
1.84571e-01
1.84724e-01
1.84724e-01
1.84907e-01
1.85060e-01
1.85060e-01
1.85060e-01
1.85273e-01
1.85243e-01
1.85365e-01
0.185395      
0.185578      
0.185578      
1.85731e-01
1.85731e-01
1.85884e-01
1.85884e-01
1.86067e-01
1.86097e-01
0.18625     
1.86250e-01
1.86402e-01
1.86585e-01
1.86585e-01
0.186585      
1.86769e-01
1.86769e-01
1.86921e-01
1.86921e-01
1.87074e-01
1.87104e-01
1.87257e-01
1.87257e-01
1.87440e-01
1.87440e-01
1.87623e-01
0.187593      
0.187776      
1.87806e-01
1.87928e-01
1.88111e-01
1.88111e-01
1.88111e-01
0.188264      
1.88264e-01
1.88447e-01
1.88447e-01
0.1886    
1.88630e-01
1.88783e-01
0.188783      
1.88966e-01
1.88966e-01
1.89118e-01
0.189118      
1.89301e-01
1.89301e-01
1.89454e-01
1.89637e-01
1.89637e-01
0.189637      
1.89820e-01
1.89820e-01
1.89973e-01
1.89973e-01
1.90156e-01
1.90156e-01
1.90339e-01
1.90339e-01
1.90492e-01
1.90461e-01
1.90675e-01
0.190644      
1.90797e-01
1.90797e-01
1.90980e-01
1.91163e-01
1.91163e-01
1.91163e-01
1.91316e-01
1.91316e-01
1.91529e-01
0.191499      
1.91682e-01
1.91682e-01
1.91834e-01
1.91834e-01
1.92018e-01
1.92018e-01
0.192201      
1.92170e-01
1.92323e-01
1.92323e-01
1.92536e-01
1.92689e-01
0.192689      
1.92689e-01
0.192842      
1.92872e-01
1.93025e-01
1.93025e-01
1.93177e-01
0.193208      
1.93391e-01
1.93360e-01
1.93513e-01
0.193543      
0.193727      
1.93727e-01
1.93849e-01
0.193879      
1.94062e-01
1.94245e-01
1.94215e-01
1.94215e-01
1.94398e-01
1.94367e-01
1.94581e-01
1.94551e-01
0.194734      
0.194734      
1.94886e-01
1.94886e-01
0.195039  
1.95069e-01
1.95222e-01
1.95222e-01
0.195405      
1.95405e-01
1.95558e-01
0.195771      
1.95741e-01
1.95741e-01
1.95924e-01
0.195924      
1.96076e-01
1.96046e-01
1.96259e-01
1.96259e-01
1.96443e-01
1.96412e-01
1.96595e-01
1.96595e-01
1.96748e-01
1.96778e-01
1.96931e-01
1.97083e-01
1.97083e-01
0.197114      
0.197267      
1.97267e-01
1.97419e-01
0.197419      
1.97602e-01
1.97602e-01
1.97755e-01
1.97755e-01
1.97938e-01
1.97938e-01
1.98091e-01
1.98091e-01
1.98274e-01
0.198274      
1.98457e-01
1.98609e-01
1.98640e-01
1.98640e-01
1.98792e-01
1.98792e-01
1.98915e-01
1.98976e-01
1.99098e-01
1.99128e-01
1.99281e-01
0.199281      
1.99464e-01
0.199464      
1.99616e-01
1.99647e-01
1.99800e-01
1.99800e-01
1.99952e-01
2.00135e-01
2.00135e-01
2.00135e-01
2.00318e-01
2.00318e-01
2.00471e-01
2.00471e-01
2.00654e-01
2.00654e-01
0.200807      
0.200837      
2.00990e-01
2.00990e-01
2.01142e-01
2.01173e-01
2.01356e-01
2.01325e-01
2.01509e-01
2.01661e-01
2.01631e-01
2.01692e-01
2.01814e-01
2.01814e-01
2.01997e-01
2.01997e-01
2.02210e-01
2.02180e-01
2.02332e-01
2.02332e-01
0.202516      
2.02516e-01
2.02668e-01
2.02699e-01
0.202851      
2.02851e-01
2.03004e-01
0.203004      
2.03187e-01
0.20337     
2.03340e-01
2.03370e-01
2.03553e-01
2.03553e-01
0.203706      
0.203706      
2.03889e-01
2.03889e-01
2.04041e-01
2.04041e-01
2.04194e-01
2.04225e-01
2.04377e-01
2.04377e-01
0.20453     
2.04560e-01
2.04713e-01
2.04896e-01
2.04865e-01
2.04896e-01
2.05049e-01
2.05049e-01
0.205201      
2.05232e-01
2.05415e-01
0.205384      
2.05537e-01
2.05567e-01
0.20575     
2.05750e-01
2.05903e-01
2.05903e-01
2.06086e-01
0.206056      
2.06239e-01
2.06391e-01
0.206422  
0.206391      
2.06605e-01
2.06574e-01
2.06758e-01
2.06727e-01
2.06910e-01
2.06941e-01
2.07063e-01
2.07063e-01
2.07246e-01
2.07276e-01
2.07459e-01
2.07398e-01
2.07612e-01
2.07582e-01
2.07765e-01
2.07948e-01
2.07948e-01
2.07917e-01
2.08100e-01
2.08100e-01
0.208283      
2.08283e-01
2.08436e-01
2.08467e-01
2.08619e-01
2.08589e-01
2.08772e-01
2.08802e-01
2.08955e-01
2.08955e-01
2.09138e-01
2.09107e-01
2.09291e-01
2.09474e-01
2.09443e-01
2.09474e-01
2.09626e-01
2.09626e-01
0.209809      
0.209809  
2.09931e-01
0.209962      
2.10176e-01
0.210145  
2.10298e-01
0.210298      
0.210481      
2.10481e-01
0.210633      
2.10633e-01
2.10816e-01
2.10969e-01
2.10999e-01
2.10969e-01
0.211152      
2.11152e-01
2.11335e-01
2.11305e-01
2.11488e-01
2.11488e-01
2.11671e-01
2.11671e-01
2.11823e-01
2.11823e-01
2.11976e-01
2.12007e-01
2.12159e-01
2.12342e-01
2.12342e-01
0.212342      
2.12525e-01
0.212525      
2.12647e-01
2.12678e-01
2.12831e-01
2.12861e-01
2.12983e-01
2.13014e-01
0.213166      
2.13166e-01
2.13349e-01
2.13349e-01
2.13502e-01
0.213502      
2.13716e-01
2.13868e-01
0.213868      
2.13838e-01
2.14021e-01
2.14021e-01
2.14204e-01
2.14204e-01
0.214387      
2.14387e-01
2.14540e-01
2.14540e-01
0.214692      
0.214723      
0.214875  
2.14875e-01
2.15058e-01
2.15058e-01
0.215241      
2.15394e-01
2.15394e-01
2.15394e-01
2.15547e-01
2.15547e-01
2.15730e-01
2.15730e-01
2.15882e-01
2.15913e-01
2.16065e-01
2.16065e-01
2.16249e-01
2.16218e-01
2.16401e-01
2.16401e-01
2.16584e-01
2.16554e-01
2.16737e-01
2.16889e-01
2.16920e-01
2.16920e-01
2.17072e-01
0.217072      
2.17256e-01
2.17256e-01
2.17378e-01
2.17408e-01
2.17591e-01
2.17561e-01
2.17774e-01
0.217713      
2.17927e-01
0.217927      
2.18110e-01
2.18080e-01
2.18232e-01
0.218415  
2.18446e-01
2.18415e-01
0.218598  
2.18568e-01
2.18751e-01
2.18781e-01
2.18934e-01
2.18934e-01
2.19087e-01
2.19117e-01
2.19300e-01
2.19270e-01
2.19453e-01
2.19422e-01
2.19605e-01
2.19789e-01
2.19789e-01
2.19789e-01
0.219941      
0.219941      
2.20124e-01
0.220124      
2.20307e-01
2.20307e-01
0.22046     
2.20429e-01
2.20613e-01
2.20643e-01
2.20796e-01
2.20796e-01
2.20948e-01
2.20948e-01
0.221131      
2.21284e-01
2.21314e-01
2.21314e-01
2.21467e-01
2.21467e-01
2.21650e-01
2.21650e-01
2.21803e-01
2.21803e-01
2.21986e-01
0.221986  
2.22169e-01
2.22138e-01
2.22322e-01
2.22322e-01
2.22505e-01
2.22474e-01
0.222657      
2.22657e-01
2.22840e-01
2.22840e-01
0.222993  
2.22993e-01
2.23145e-01
2.23176e-01
2.23329e-01
2.23329e-01
2.23481e-01
2.23512e-01
2.23664e-01
2.23695e-01
2.23847e-01
2.23847e-01
0.22403     
2.24030e-01
2.24214e-01
2.24336e-01
2.24366e-01
2.24336e-01
2.24519e-01
2.24519e-01
2.24702e-01
2.24702e-01
2.24854e-01
2.24885e-01
2.25038e-01
2.25038e-01
2.25221e-01
0.22519     
2.25404e-01
2.25373e-01
2.25556e-01
2.25556e-01
2.25678e-01
2.25892e-01
0.225892      
2.25892e-01
2.26045e-01
2.26075e-01
2.26228e-01
2.26228e-01
2.26380e-01
2.26380e-01
2.26563e-01
2.26563e-01
2.26716e-01
2.26716e-01
2.26899e-01
0.226899  
2.27052e-01
2.27265e-01
2.27235e-01
2.27235e-01
2.27418e-01
0.227418      
2.27601e-01
2.27571e-01
2.27754e-01
2.27754e-01
2.27937e-01
2.27906e-01
0.228059      
2.28089e-01
2.28272e-01
2.28272e-01
2.28425e-01
2.28425e-01
2.28608e-01
0.228791      
2.28761e-01
2.28761e-01
2.28913e-01
0.228913      
2.29096e-01
2.29096e-01
2.29249e-01
2.29280e-01
2.29432e-01
2.29432e-01
2.29615e-01
2.29585e-01
2.29768e-01
2.29798e-01
2.29951e-01
2.29920e-01
2.30134e-01
0.230287      
2.30317e-01
2.30287e-01
2.30439e-01
2.30439e-01
0.230622      
0.230622      
2.30805e-01
0.230775  
2.30958e-01
2.30989e-01
2.31172e-01
2.31111e-01
2.31294e-01
0.231294      
2.31507e-01
2.31477e-01
2.31629e-01
2.31812e-01
2.31782e-01
2.31812e-01
0.231996      
2.31965e-01
2.32148e-01
0.232148      
2.32331e-01
2.32331e-01
2.32484e-01
2.32484e-01
2.32667e-01
2.32667e-01
2.32820e-01
2.32820e-01
2.32972e-01
0.233003      
2.33186e-01
2.33338e-01
2.33338e-01
2.33338e-01
2.33521e-01
2.33521e-01
2.33674e-01
2.33674e-01
2.33857e-01
2.33857e-01
2.34040e-01
2.34010e-01
2.34162e-01
2.34162e-01
2.34345e-01
2.34345e-01
2.34529e-01
2.34529e-01
2.34681e-01
2.34864e-01
2.34864e-01
2.34864e-01
2.35017e-01
2.35017e-01
2.35200e-01
2.35200e-01
2.35383e-01
2.35383e-01
2.35536e-01
2.35536e-01
2.35719e-01
2.35719e-01
2.35902e-01
2.35871e-01
2.36054e-01
2.36238e-01
2.36207e-01
2.36207e-01
2.36360e-01
2.36390e-01
2.36573e-01
0.236573      
2.36695e-01
2.36726e-01
2.36909e-01
2.36878e-01
2.37062e-01
2.37031e-01
2.37245e-01
2.37214e-01
2.37397e-01
0.237397      
0.23755     
2.37733e-01
2.37733e-01
0.237733      
2.37885e-01
2.37916e-01
2.38069e-01
0.238069      
2.38221e-01
0.238252      
2.38435e-01
2.38404e-01
2.38557e-01
2.38587e-01
2.38770e-01
0.23874     
2.38923e-01
2.38923e-01
2.39106e-01
2.39259e-01
2.39259e-01
2.39289e-01
2.39442e-01
2.39411e-01
2.39594e-01
2.39594e-01
0.239747      
2.39778e-01
2.39930e-01
2.39930e-01
2.40113e-01
0.240083      
2.40296e-01
2.40266e-01
2.40449e-01
2.40449e-01
2.40602e-01
2.40785e-01
0.240785      
2.40785e-01
2.40937e-01
0.240937      
0.241151      
2.41151e-01
2.41303e-01
2.41303e-01
2.41487e-01
2.41487e-01
2.41609e-01
0.241609      
2.41761e-01
2.41822e-01
0.241975      
2.41975e-01
2.42127e-01
2.42311e-01
2.42311e-01
2.42341e-01
2.42463e-01
2.42433e-01
2.42646e-01
2.42646e-01
2.42829e-01
2.42799e-01
2.42982e-01
2.42951e-01
2.43165e-01
2.43134e-01
2.43318e-01
2.43318e-01
2.43501e-01
2.43501e-01
2.43653e-01
2.43836e-01
2.43806e-01
2.43836e-01
2.44020e-01
2.44020e-01
0.244172      
2.44172e-01
0.244355      
2.44355e-01
2.44508e-01
2.44508e-01
2.44691e-01
2.44691e-01
0.244813  
2.44813e-01
2.44996e-01
2.45057e-01
2.45179e-01
0.245362      
0.245332      
2.45362e-01
2.45515e-01
2.45515e-01
2.45698e-01
2.45667e-01
2.45851e-01
2.45851e-01
2.46064e-01
2.46003e-01
0.246186      
2.46217e-01
2.46369e-01
2.46369e-01
0.246522      
2.46552e-01
2.46736e-01
2.46888e-01
0.246888      
2.46888e-01
0.247071      
2.47071e-01
2.47193e-01
2.47224e-01
2.47407e-01
0.247407      
0.24759     
2.47560e-01
2.47743e-01
2.47743e-01
2.47895e-01
2.47865e-01
2.48078e-01
2.48078e-01
2.48231e-01
2.48414e-01
2.48414e-01
2.48384e-01
2.48567e-01
2.48567e-01
0.24875     
2.48750e-01
2.48933e-01
2.48933e-01
2.49085e-01
2.49085e-01
2.49238e-01
2.49269e-01
0.249421      
2.49421e-01
2.49574e-01
2.49604e-01
2.49757e-01
2.49940e-01
2.49940e-01
2.49940e-01
2.50063e-01
0.250124      
2.50307e-01
2.50277e-01
2.50399e-01
2.50429e-01
2.50612e-01
2.50612e-01
2.50765e-01
2.50765e-01
2.50948e-01
2.50948e-01
2.51131e-01
2.51284e-01
2.51284e-01
2.51253e-01
2.51467e-01
2.51467e-01
2.51619e-01
2.51619e-01
2.51772e-01
0.251802      
2.51955e-01
0.251955      
2.52108e-01
2.52138e-01
0.252321      
2.52291e-01
2.52474e-01
2.52474e-01
2.52657e-01
2.52840e-01
2.52840e-01
2.52779e-01
2.52962e-01
2.52962e-01
2.53145e-01
0.253115      
2.53298e-01
2.53328e-01
0.253511      
2.53481e-01
2.53633e-01
2.53633e-01
2.53817e-01
2.53817e-01
2.53969e-01
2.53969e-01
2.54152e-01
2.54335e-01
0.254305      
2.54335e-01
2.54488e-01
2.54488e-01
2.54671e-01
2.54671e-01
2.54824e-01
2.54824e-01
2.55037e-01
2.55007e-01
0.25519     
2.55190e-01
2.55342e-01
2.55342e-01
2.55526e-01
2.55526e-01
2.55678e-01
2.55831e-01
2.55892e-01
2.55892e-01
2.56014e-01
2.56014e-01
2.56197e-01
2.56197e-01
2.56380e-01
2.56380e-01
2.56533e-01
2.56502e-01
2.56685e-01
2.56716e-01
2.56899e-01
2.56868e-01
2.57021e-01
2.57235e-01
2.57204e-01
2.57235e-01
2.57387e-01
2.57357e-01
0.25754     
2.57570e-01
2.57723e-01
2.57692e-01
2.57875e-01
2.57906e-01
2.58089e-01
2.58089e-01
2.58211e-01
0.258242      
2.58394e-01
2.58394e-01
2.58577e-01
2.58730e-01
2.58730e-01
2.58730e-01
2.58883e-01
2.58913e-01
2.59035e-01
2.59066e-01
2.59249e-01
2.59249e-01
0.259401      
2.59401e-01
2.59584e-01
2.59584e-01
2.59737e-01
2.59768e-01
2.59920e-01
0.25992     
2.60103e-01
0.260256      
2.60256e-01
2.60256e-01
2.60439e-01
2.60439e-01
2.60592e-01
2.60592e-01
2.60775e-01
2.60775e-01
2.60958e-01
2.60958e-01
2.61110e-01
2.61110e-01
2.61293e-01
0.261263      
2.61446e-01
2.61446e-01
2.61599e-01
2.61782e-01
2.61782e-01
0.261751      
2.61934e-01
2.61965e-01
2.62117e-01
2.62117e-01
2.62270e-01
2.62270e-01
2.62453e-01
2.62453e-01
2.62636e-01
2.62606e-01
2.62819e-01
2.62789e-01
2.62972e-01
2.62941e-01
2.63124e-01
2.63308e-01
2.63308e-01
2.63308e-01
2.63460e-01
2.63491e-01
2.63613e-01
2.63643e-01
2.63796e-01
2.63796e-01
2.63948e-01
2.63979e-01
2.64162e-01
2.64162e-01
2.64284e-01
2.64315e-01
0.264498      
0.264681      
2.64650e-01
2.64650e-01
2.64833e-01
2.64833e-01
2.65017e-01
2.64986e-01
0.265139      
2.65169e-01
2.65352e-01
2.65322e-01
2.65474e-01
2.65505e-01
2.65688e-01
0.265688  
2.65871e-01
0.265841      
2.66024e-01
2.66146e-01
2.66207e-01
2.66207e-01
2.66359e-01
2.66329e-01
2.66512e-01
2.66512e-01
2.66695e-01
0.266695  
2.66848e-01
2.66848e-01
2.67031e-01
0.267031  
2.67183e-01
2.67183e-01
2.67366e-01
0.267366      
2.67550e-01
2.67733e-01
2.67702e-01
2.67702e-01
2.67885e-01
2.67885e-01
2.68038e-01
2.68038e-01
0.26819   
2.68221e-01
2.68404e-01
2.68404e-01
2.68557e-01
2.68557e-01
2.68740e-01
2.68740e-01
2.68923e-01
2.69045e-01
2.69045e-01
2.69075e-01
2.69228e-01
2.69228e-01
2.69411e-01
2.69381e-01
2.69564e-01
2.69564e-01
2.69747e-01
2.69747e-01
2.69899e-01
0.269899      
2.70082e-01
2.70082e-01
0.270235  
2.70235e-01
2.70418e-01
2.70571e-01
2.70601e-01
2.70601e-01
0.270754      
0.270754      
2.70937e-01
2.70937e-01
2.71090e-01
2.71090e-01
2.71273e-01
2.71273e-01
2.71395e-01
2.71456e-01
2.71639e-01
0.271578      
2.71761e-01
2.71730e-01
2.71914e-01
2.72097e-01
2.72097e-01
2.72097e-01
2.72280e-01
2.72249e-01
2.72432e-01
0.272463      
2.72615e-01
2.72615e-01
2.72768e-01
2.72799e-01
2.72982e-01
2.72921e-01
2.73134e-01
2.73134e-01
2.73287e-01
2.73317e-01
2.73470e-01
2.73623e-01
2.73623e-01
2.73653e-01
2.73806e-01
2.73806e-01
2.73989e-01
2.73989e-01
2.74172e-01
2.74141e-01
2.74324e-01
2.74324e-01
2.74508e-01
2.74477e-01
2.74630e-01
2.74599e-01
2.74813e-01
2.74965e-01
2.75026e-01
2.74996e-01
2.75148e-01
0.275148      
2.75331e-01
2.75301e-01
2.75484e-01
2.75484e-01
2.75667e-01
2.75667e-01
2.75850e-01
2.75820e-01
2.75972e-01
2.76003e-01
2.76217e-01
2.76186e-01
2.76339e-01
2.76491e-01
2.76491e-01
2.76522e-01
2.76705e-01
2.76674e-01
2.76827e-01
0.276857      
2.77010e-01
2.76979e-01
2.77193e-01
2.77163e-01
2.77376e-01
2.77376e-01
2.77529e-01
2.77529e-01
2.77681e-01
2.77712e-01
2.77864e-01
2.78048e-01
2.78048e-01
2.78048e-01
2.78200e-01
2.78200e-01
2.78383e-01
2.78383e-01
2.78536e-01
2.78536e-01
2.78719e-01
2.78719e-01
2.78872e-01
0.278872      
2.79085e-01
2.79055e-01
2.79238e-01
2.79238e-01
2.79390e-01
2.79543e-01
2.79573e-01
2.79573e-01
2.79757e-01
2.79696e-01
2.79879e-01
2.79940e-01
2.80062e-01
2.80062e-01
2.80214e-01
2.80245e-01
0.280397      
2.80428e-01
2.80581e-01
2.80581e-01
2.80733e-01
2.80916e-01
2.80916e-01
2.80916e-01
2.81069e-01
2.81069e-01
2.81252e-01
2.81252e-01
2.81435e-01
2.81404e-01
2.81588e-01
2.81618e-01
2.81771e-01
2.81771e-01
2.81923e-01
2.81923e-01
2.82106e-01
2.82137e-01
2.82290e-01
2.82442e-01
2.82412e-01
2.82412e-01
2.82595e-01
2.82625e-01
2.82778e-01
2.82778e-01
0.282961      
2.82961e-01
2.83113e-01
2.83113e-01
2.83297e-01
2.83297e-01
2.83480e-01
2.83449e-01
2.83602e-01
2.83632e-01
2.83815e-01
2.83968e-01
2.83968e-01
2.83968e-01
2.84151e-01
2.84151e-01
0.284334      
2.84304e-01
2.84456e-01
2.84456e-01
0.284639      
2.84639e-01
2.84822e-01
2.84822e-01
2.85006e-01
0.285006      
2.85128e-01
2.85128e-01
2.85311e-01
2.85463e-01
2.85494e-01
2.85494e-01
2.85646e-01
2.85646e-01
2.85830e-01
2.85830e-01
2.86013e-01
2.85982e-01
2.86165e-01
2.86165e-01
2.86348e-01
2.86348e-01
2.86501e-01
2.86501e-01
2.86654e-01
2.86837e-01
2.86867e-01
2.86867e-01
0.28702     
2.87020e-01
2.87203e-01
2.87203e-01
2.87355e-01
2.87355e-01
2.87539e-01
2.87539e-01
0.287691      
0.287691      
2.87874e-01
2.87844e-01
2.88057e-01
2.88027e-01
2.88179e-01
2.88363e-01
2.88363e-01
2.88363e-01
2.88546e-01
2.88546e-01
2.88698e-01
2.88729e-01
2.88881e-01
2.88881e-01
2.89034e-01
2.89034e-01
2.89248e-01
2.89217e-01
2.89400e-01
2.89370e-01
2.89553e-01
2.89583e-01
2.89736e-01
2.89888e-01
2.89888e-01
2.89888e-01
2.90071e-01
2.90071e-01
2.90255e-01
2.90224e-01
2.90407e-01
2.90438e-01
2.90590e-01
2.90590e-01
2.90712e-01
0.290743      
2.90956e-01
2.90895e-01
2.91079e-01
2.91231e-01
2.91262e-01
2.91262e-01
2.91414e-01
0.291414  
2.91567e-01
2.91597e-01
2.91750e-01
2.91780e-01
2.91933e-01
2.91933e-01
2.92086e-01
2.92086e-01
2.92299e-01
2.92269e-01
2.92421e-01
0.292452      
2.92635e-01
2.92788e-01
2.92757e-01
2.92788e-01
2.92940e-01
2.92940e-01
2.93123e-01
2.93123e-01
2.93245e-01
2.93245e-01
2.93489e-01
0.293459      
2.93612e-01
2.93612e-01
0.293795      
2.93795e-01
2.93947e-01
2.93947e-01
0.2941    
2.94283e-01
2.94313e-01
2.94313e-01
2.94466e-01
2.94466e-01
0.294649      
2.94649e-01
2.94802e-01
2.94802e-01
2.94985e-01
2.94985e-01
2.95137e-01
2.95137e-01
0.295321  
2.95321e-01
2.95504e-01
2.95504e-01
2.95656e-01
2.95839e-01
2.95839e-01
0.295839      
2.96022e-01
2.95992e-01
2.96144e-01
2.96175e-01
2.96328e-01
2.96328e-01
0.29648   
2.96480e-01
0.296663      
2.96694e-01
2.96816e-01
0.296816      
2.97029e-01
2.97029e-01
2.97182e-01
2.97335e-01
2.97335e-01
2.97335e-01
2.97548e-01
2.97518e-01
2.97701e-01
2.97670e-01
2.97853e-01
2.97853e-01
0.298037      
2.98006e-01
2.98220e-01
2.98189e-01
2.98372e-01
2.98372e-01
2.98525e-01
2.98677e-01
2.98677e-01
2.98708e-01
2.98891e-01
2.98861e-01
2.99044e-01
2.99044e-01
2.99227e-01
0.299227      
2.99379e-01
2.99379e-01
2.99562e-01
2.99562e-01
2.99715e-01
2.99715e-01
2.99868e-01
0.299898  
3.00051e-01
3.00264e-01
0.300234      
3.00234e-01
3.00417e-01
3.00417e-01
3.00600e-01
3.00570e-01
3.00722e-01
3.00753e-01
3.00905e-01
3.00936e-01
3.01058e-01
3.01058e-01
3.01241e-01
3.01271e-01
3.01394e-01
3.01394e-01
3.01577e-01
0.30176     
3.01760e-01
3.01760e-01
3.01882e-01
3.01912e-01
3.02095e-01
0.302126      
3.02248e-01
3.02248e-01
3.02431e-01
3.02462e-01
3.02584e-01
3.02584e-01
3.02767e-01
3.02797e-01
3.02950e-01
3.02950e-01
3.03102e-01
3.03286e-01
3.03286e-01
3.03286e-01
0.303469      
0.303469  
3.03621e-01
3.03621e-01
3.03774e-01
3.03804e-01
3.03957e-01
3.03957e-01
3.04110e-01
3.04110e-01
3.04323e-01
3.04323e-01
3.04445e-01
3.04628e-01
3.04628e-01
3.04628e-01
3.04811e-01
3.04811e-01
3.04964e-01
3.04964e-01
3.05147e-01
0.305147      
3.05300e-01
3.05300e-01
3.05452e-01
3.05483e-01
3.05635e-01
3.05635e-01
0.305819  
3.05819e-01
3.06002e-01
3.06154e-01
3.06154e-01
3.06154e-01
3.06307e-01
3.06337e-01
3.06520e-01
3.06520e-01
3.06612e-01
3.06673e-01
3.06856e-01
3.06856e-01
3.06978e-01
3.06978e-01
3.07161e-01
3.07161e-01
3.07344e-01
3.07528e-01
3.07497e-01
3.07497e-01
3.07680e-01
3.07711e-01
0.307863      
3.07833e-01
3.08016e-01
3.08046e-01
3.08199e-01
3.08199e-01
3.08352e-01
3.08352e-01
0.308504  
3.08504e-01
3.08687e-01
3.08687e-01
3.08870e-01
3.09053e-01
3.09053e-01
3.09023e-01
3.09206e-01
3.09206e-01
3.09389e-01
3.09389e-01
3.09542e-01
0.309542      
3.09694e-01
3.09694e-01
3.09908e-01
0.309877  
3.09999e-01
3.10030e-01
3.10213e-01
3.10396e-01
0.310396      
3.10396e-01
3.10518e-01
3.10549e-01
3.10732e-01
0.310732  
3.10884e-01
0.310884      
3.11068e-01
3.11068e-01
3.11251e-01
3.11220e-01
3.11403e-01
3.11403e-01
3.11586e-01
3.11586e-01
3.11739e-01
3.11922e-01
3.11922e-01
3.11922e-01
3.12075e-01
3.12075e-01
3.12227e-01
3.12227e-01
3.12410e-01
3.12441e-01
3.12593e-01
0.312563      
0.312777  
0.312777      
3.12929e-01
3.12899e-01
3.13082e-01
3.13112e-01
3.13265e-01
3.13448e-01
3.13417e-01
3.13417e-01
3.13601e-01
3.13601e-01
3.13784e-01
3.13784e-01
3.13936e-01
3.13936e-01
3.14119e-01
3.14119e-01
3.14302e-01
3.14272e-01
0.314455      
3.14455e-01
3.14638e-01
0.314821      
3.14760e-01
0.314791  
3.14974e-01
3.15004e-01
3.15126e-01
3.15096e-01
3.15279e-01
3.15310e-01
3.15493e-01
3.15462e-01
3.15645e-01
3.15645e-01
3.15828e-01
0.315828      
3.15981e-01
3.15981e-01
3.16133e-01
3.16286e-01
3.16347e-01
3.16317e-01
3.16469e-01
3.16469e-01
3.16652e-01
3.16683e-01
3.16835e-01
3.16835e-01
0.316988  
3.16988e-01
3.17171e-01
3.17171e-01
3.17324e-01
3.17324e-01
3.17476e-01
3.17659e-01
3.17720e-01
3.17659e-01
3.17812e-01
3.17812e-01
3.18026e-01
3.18056e-01
3.18178e-01
3.18178e-01
3.18361e-01
3.18361e-01
3.18514e-01
3.18514e-01
3.18666e-01
3.18666e-01
3.18850e-01
3.18880e-01
3.19033e-01
3.19216e-01
3.19185e-01
3.19185e-01
3.19368e-01
0.319368      
3.19521e-01
3.19521e-01
3.19704e-01
3.19735e-01
3.19887e-01
3.19857e-01
3.20040e-01
3.20040e-01
3.20223e-01
3.20192e-01
3.20375e-01
3.20528e-01
3.20528e-01
3.20528e-01
0.320711      
3.20711e-01
3.20864e-01
3.20864e-01
3.21047e-01
0.321077  
3.21260e-01
3.21230e-01
3.21383e-01
3.21383e-01
3.21566e-01
3.21566e-01
3.21749e-01
3.21718e-01
3.21901e-01
3.22084e-01
3.22084e-01
3.22115e-01
3.22237e-01
3.22237e-01
3.22420e-01
3.22420e-01
0.322603      
3.22542e-01
3.22756e-01
3.22756e-01
3.22939e-01
3.22908e-01
3.23061e-01
0.323061  
0.323244      
3.23427e-01
3.23427e-01
3.23397e-01
3.23580e-01
3.23610e-01
0.323763  
3.23763e-01
3.23915e-01
3.23915e-01
3.24099e-01
3.24099e-01
3.24282e-01
3.24282e-01
3.24434e-01
3.24434e-01
3.24648e-01
3.24617e-01
3.24800e-01
3.24953e-01
3.24953e-01
3.24953e-01
3.25136e-01
3.25136e-01
0.325289      
3.25289e-01
3.25472e-01
3.25472e-01
3.25624e-01
3.25594e-01
3.25808e-01
3.25808e-01
3.25960e-01
3.25960e-01
3.26113e-01
3.26296e-01
3.26296e-01
3.26296e-01
3.26479e-01
3.26448e-01
3.26632e-01
3.26632e-01
3.26845e-01
3.26815e-01
3.26998e-01
3.26998e-01
3.27181e-01
3.27150e-01
3.27333e-01
3.27303e-01
3.27486e-01
3.27517e-01
3.27669e-01
3.27852e-01
3.27852e-01
3.27822e-01
3.28005e-01
3.28005e-01
3.28188e-01
3.28157e-01
3.28341e-01
3.28341e-01
3.28524e-01
3.28524e-01
3.28676e-01
3.28676e-01
3.28829e-01
3.28859e-01
0.329042      
3.29195e-01
3.29195e-01
3.29195e-01
3.29378e-01
3.29378e-01
3.29531e-01
3.29531e-01
3.29683e-01
3.29683e-01
3.29897e-01
3.29866e-01
3.30050e-01
3.30019e-01
3.30202e-01
3.30202e-01
3.30385e-01
3.30385e-01
3.30538e-01
3.30721e-01
3.30690e-01
3.30751e-01
3.30873e-01
3.30873e-01
3.31026e-01
3.31026e-01
3.31209e-01
3.31240e-01
3.31392e-01
3.31362e-01
3.31545e-01
3.31575e-01
3.31728e-01
3.31728e-01
3.31881e-01
3.32064e-01
3.32094e-01
3.32094e-01
3.32247e-01
3.32216e-01
3.32399e-01
3.32399e-01
3.32582e-01
0.332582
3.32735e-01
3.32735e-01
0.332918      
3.32918e-01
3.33071e-01
3.33071e-01
3.33254e-01
3.33254e-01
3.33437e-01
3.33437e-01
3.33590e-01
3.33590e-01
3.33742e-01
3.33773e-01
3.33925e-01
3.33925e-01
3.34078e-01
0.334108
3.34291e-01
3.34291e-01
3.34444e-01
0.334444      
3.34627e-01
3.34627e-01
3.34780e-01
3.34963e-01
3.34932e-01
3.34932e-01
3.35115e-01
3.35115e-01
3.35299e-01
3.35268e-01
3.35451e-01
3.35451e-01
3.35634e-01
3.35634e-01
3.35787e-01
3.35787e-01
3.35970e-01
3.36000e-01
3.36153e-01
3.36123e-01
0.336306      
3.36458e-01
3.36489e-01
3.36489e-01
0.336641  
3.36611e-01
3.36794e-01
3.36794e-01
3.36977e-01
3.36977e-01
3.37130e-01
3.37160e-01
3.37313e-01
3.37313e-01
3.37465e-01
3.37465e-01
3.37648e-01
3.37831e-01
3.37831e-01
3.37831e-01
3.37984e-01
3.37984e-01
3.38167e-01
3.38167e-01
3.38350e-01
3.38350e-01
3.38472e-01
3.38503e-01
3.38686e-01
3.38686e-01
3.38839e-01
3.38839e-01
3.39022e-01
3.39022e-01
3.39205e-01
3.39357e-01
3.39327e-01
3.39327e-01
3.39510e-01
3.39540e-01
0.339693
3.39693e-01
3.39846e-01
3.39846e-01
3.40059e-01
0.340029      
0.340151
3.40181e-01
3.40395e-01
3.40395e-01
3.40548e-01
3.40731e-01
3.40700e-01
3.40670e-01
3.40853e-01
3.40883e-01
3.41036e-01
3.41036e-01
3.41188e-01
3.41188e-01
3.41402e-01
3.41402e-01
3.41555e-01
3.41555e-01
0.341738      
3.41738e-01
3.41921e-01
3.41890e-01
3.42043e-01
0.342226      
3.42226e-01
3.42226e-01
3.42379e-01
3.42409e-01
3.42562e-01
3.42562e-01
0.342714      
3.42714e-01
3.42897e-01
3.42928e-01
0.343081
3.43081e-01
3.43233e-01
3.43233e-01
3.43447e-01
0.343416
0.343599      
3.43752e-01
3.43752e-01
3.43721e-01
3.43935e-01
3.43935e-01
3.44088e-01
3.44088e-01
3.44271e-01
3.44301e-01
3.44423e-01
3.44423e-01
3.44576e-01
3.44606e-01
3.44759e-01
3.44759e-01
3.44912e-01
3.45064e-01
3.45095e-01
3.45095e-01
3.45278e-01
3.45278e-01
3.45430e-01
3.45430e-01
3.45613e-01
3.45613e-01
3.45797e-01
3.45766e-01
3.45949e-01
3.45949e-01
3.46132e-01
3.46102e-01
0.346285      
3.46315e-01
3.46468e-01
3.46651e-01
3.46621e-01
3.46621e-01
