0.00015259
0.00015259
3.05178e-04
0.00030518
0.00048828
4.88285e-04
0.00067139
6.40873e-04
8.23978e-04
8.23978e-04
0.00100709
9.76570e-04
0.00119019
1.15968e-03
0.00134278
0.0013733
1.52589e-03
0.00152589
0.00167847
0.00167847
0.00186158
0.00186158
2.01418e-03
2.04469e-03
2.19728e-03
0.00219728
0.00238039
0.00238039
0.00256349
2.53297e-03
0.0027466
0.0027466
0.00289918
0.00289918
3.05177e-03
0.00305177
0.00320436
0.00320436
3.38747e-03
0.00338747
0.00354005
3.54005e-03
0.00372316
0.00372316
0.00390628
0.00390628
0.00405887
0.00408939
4.24197e-03
0.00424197
0.00439456
0.00442508
0.00457767
0.00457767
0.00476077
0.00476077
0.00491336
4.91336e-03
0.00509647
5.09647e-03
5.24905e-03
0.00527957
0.00543216
0.00546268
0.00561526
0.00558475
0.00576785
5.76785e-03
5.92044e-03
0.00592044
0.00610355
0.00610355
0.00628665
0.00628665
0.00643924
0.00643924
0.00662234
0.00662234
6.77493e-03
6.80545e-03
6.95804e-03
0.00695804
0.00711063
7.11063e-03
7.29373e-03
0.00729373
7.47684e-03
0.00747684
0.00762942
7.65994e-03
0.00781256
7.81256e-03
7.99567e-03
0.00796515
0.00817877
0.00814825
0.00830084
0.00833136
0.00845343
0.00845343
0.00866705
0.00866705
0.00881964
0.00878912
0.00900275
9.00275e-03
0.00918585
0.00915533
9.33844e-03
0.00952154
0.00949103
0.00952154
9.67413e-03
0.00967413
0.00982672
9.85724e-03
0.0100098
1.00098e-02
1.01929e-02
0.0101929
1.03760e-02
1.03760e-02
0.0105286
0.0105286
0.0107117
0.0107117
1.08643e-02
0.0108643
1.10169e-02
1.10474e-02
0.0112
0.0112305
0.0113831
0.0113526
0.0115357
0.0115662
0.0117188
0.0117188
0.0118714
0.0119019
0.0120545
0.0120545
0.0122071
0.0122071
0.0123902
0.0123902
1.25733e-02
1.25428e-02
0.0127259
0.0127259
0.0128785
0.012909
1.30616e-02
0.0130616
0.0132447
0.0132447
0.0134278
1.34278e-02
0.0135804
0.0135804
0.0137025
0.0137635
0.0139161
0.0139161
0.0140992
1.41297e-02
0.0142518
0.0143128
0.0144349
0.0144044
0.0145875
0.0145875
0.0147706
0.0147706
0.0149537
0.0149537
0.0151063
0.0151063
0.0152894
0.0152894
0.0154725
0.015442
1.56251e-02
0.0156251
0.0157777
0.0157777
1.59608e-02
0.0161439
0.0161439
0.0161134
0.0162965
0.0162965
0.0164796
0.0164796
0.0166322
0.0166322
0.0168153
0.0168153
0.0169984
0.0169679
0.017151
0.0171205
0.0173341
0.0173036
0.0174867
0.0174867
0.0176698
0.0176698
0.0178529
1.78224e-02
0.0180055
1.80055e-02
0.0181581
0.0181581
0.0183107
0.0183107
1.85243e-02
0.0185243
1.86769e-02
0.0186769
0.01886
1.88600e-02
0.0190431
1.90126e-02
0.0191957
0.0191957
1.93483e-02
0.0193788
0.0195009
0.0195314
1.96840e-02
0.0197145
0.0198976
0.0198671
2.00502e-02
0.0200197
0.0202028
0.0202028
0.0203553
0.0203553
0.0205384
2.05384e-02
0.0207216
2.07216e-02
0.0208741
0.0208741
0.0210572
0.0210572
0.0212404
2.12404e-02
2.13929e-02
0.0213929
0.021576
2.15455e-02
0.0217286
2.17286e-02
0.0219117
0.0219117
2.20643e-02
0.0220643
0.0222169
0.0222474
0.0224305
0.0223695
0.0225526
2.25831e-02
0.0227662
0.0227662
0.0229188
2.29188e-02
0.0231019
0.0231019
2.32545e-02
0.023285
0.0234071
0.0234071
2.36207e-02
0.0236207
2.37733e-02
0.0237733
0.0239259
2.41090e-02
2.41090e-02
0.024109
2.42921e-02
0.0242921
2.44447e-02
2.44752e-02
0.0246278
0.0246583
2.47804e-02
2.47804e-02
0.0249635
0.0249635
2.51466e-02
0.0251466
0.0252992
0.0253297
2.54823e-02
2.56349e-02
0.0256349
0.0256654
0.025818
0.0257875
0.0259706
0.0259706
0.0261537
2.61537e-02
0.0263368
2.63368e-02
2.64894e-02
2.64589e-02
0.026642
0.0266725
0.0268251
0.0268251
0.0270082
0.0270082
2.71913e-02
0.0273439
0.0273439
2.73134e-02
0.027527
0.027527
0.0276796
0.0276796
0.0278627
0.0278627
0.0280153
0.0280458
0.0281984
2.81984e-02
0.0283815
0.0283509
0.0285035
0.0285341
0.0287172
0.0288697
0.0288697
0.0288697
0.0290223
0.0290223
0.0292054
2.92054e-02
0.029358
2.93580e-02
0.0295411
0.0295411
0.0297242
2.97242e-02
0.0299073
2.99073e-02
0.0300599
3.00599e-02
0.030243
3.02430e-02
3.03651e-02
0.0305482
0.0305787
3.05787e-02
0.0307618
3.07313e-02
0.0309144
0.0308839
0.0310975
3.10975e-02
0.0312502
0.0312502
3.14028e-02
0.0314028
0.0315859
0.0315554
0.0317385
0.0317385
0.0319216
3.18911e-02
0.0321047
0.0321047
0.0322573
3.22268e-02
0.0324404
0.0324099
3.25930e-02
3.26235e-02
3.27761e-02
0.0327761
0.0329287
0.0329287
0.0331118
0.0331118
0.0332949
0.0332949
0.0334475
3.34780e-02
0.0336306
3.37527e-02
3.38137e-02
0.0337527
0.0339663
0.0339358
0.0341189
0.0341189
0.034302
0.034302
0.0344546
0.0344546
3.46072e-02
3.46377e-02
0.0348208
0.0348208
0.0349734
3.49734e-02
3.51565e-02
0.0353091
3.53091e-02
0.0353091
0.0354617
3.54922e-02
0.0356448
3.56753e-02
0.0358279
3.58279e-02
0.036011
0.036011
0.0361636
0.0361636
0.0363162
0.0362856
3.64993e-02
0.0365298
3.66518e-02
3.68350e-02
0.0368044
3.68350e-02
3.69875e-02
0.0370181
0.0371706
3.71706e-02
3.73232e-02
0.0373232
0.0375063
0.0375063
3.76894e-02
0.0376589
0.037842
0.037842
0.0380251
3.80251e-02
0.0382082
0.0381777
0.0383608
0.0383608
0.0385439
0.0385134
3.87270e-02
0.0386965
3.88796e-02
0.0388796
0.0390627
0.0390627
0.0392458
0.0392153
0.0393984
3.93984e-02
3.95205e-02
0.039551
3.97341e-02
3.97036e-02
3.98867e-02
0.0400698
0.0400698
0.0400393
4.02224e-02
0.0402224
0.0404055
4.04360e-02
0.0405581
4.05581e-02
0.0407412
0.0407412
0.0409243
0.0409243
4.10769e-02
0.0411074
0.0412295
0.04126
0.0414431
4.15957e-02
0.0415652
0.0415957
0.0417788
0.0417788
0.0419314
0.0419314
0.0421145
0.0421145
0.0422976
0.0422366
0.0424197
0.0424807
0.0425723
4.26028e-02
0.0427554
0.0427859
4.29385e-02
0.0429385
4.30911e-02
0.0432742
0.0432742
4.32436e-02
4.34573e-02
0.0434573
4.36404e-02
4.36404e-02
0.043793
0.0437624
0.0439456
0.0439761
4.41287e-02
4.41287e-02
0.0443118
4.42812e-02
0.0444643
0.0444643
0.0446475
0.0446475
0.0448306
0.0448306
0.0449526
0.0449831
0.0451357
0.0451357
0.0453188
0.0453494
0.0454714
0.0455019
0.0456545
4.56545e-02
0.0458071
0.0458071
0.0460207
0.0459902
4.61733e-02
4.63259e-02
0.0463259
4.63259e-02
0.0464785
4.64785e-02
0.0466616
0.0466616
0.0468447
4.68447e-02
0.0470278
4.70278e-02
0.0471804
0.0471804
0.0473635
0.047333
0.0475466
4.75161e-02
0.0476687
0.0476992
4.78518e-02
0.0480044
0.0480349
0.0480349
0.0481875
4.81875e-02
0.0483706
4.83706e-02
4.85232e-02
0.0485232
0.0487063
0.0487063
4.88589e-02
0.0488589
0.049042
0.0490725
0.0491946
0.0492251
4.93777e-02
4.95303e-02
4.95608e-02
0.0495608
4.97439e-02
0.0497134
0.0498965
0.0498965
5.00796e-02
5.00796e-02
0.0502322
0.0502322
0.0503848
0.0503848
0.0505679
0.0505373
0.0507205
0.050751
0.0509036
0.0509036
5.10561e-02
5.12393e-02
0.0512393
5.12698e-02
5.14224e-02
0.0514224
5.16055e-02
0.0515749
0.0517581
5.17275e-02
5.19106e-02
0.0519106
0.0520937
5.20937e-02
0.0522768
5.22768e-02
0.0524294
5.24294e-02
0.0526125
5.26125e-02
5.27956e-02
5.27956e-02
5.29482e-02
0.0529482
0.0531313
5.31313e-02
5.32839e-02
0.0532839
5.34365e-02
0.0534365
0.0536196
5.36196e-02
5.38027e-02
0.0537722
0.0539553
5.39553e-02
0.0541384
5.43215e-02
5.43215e-02
5.42910e-02
0.0544741
5.44741e-02
0.0546267
0.0546267
0.0548098
0.0548098
0.0549624
0.0549929
5.51760e-02
0.0551455
0.0553286
5.53286e-02
0.0554812
0.0555117
0.0556643
5.56643e-02
0.0558169
5.58474e-02
0.0559695
0.0560305
5.61526e-02
5.61526e-02
0.0563357
0.0563052
5.64883e-02
5.64883e-02
5.66714e-02
0.0566714
5.68545e-02
0.0568545
0.0570071
0.0570071
5.71902e-02
5.73428e-02
0.0573428
0.0573428
0.0575259
5.75259e-02
5.76785e-02
0.0576785
0.057831
0.0578616
5.80447e-02
5.80447e-02
0.0581973
0.0581973
0.0583804
5.83804e-02
0.058533
5.85635e-02
5.86855e-02
5.88686e-02
0.0588686
5.88686e-02
0.0590518
0.0590518
0.0592043
0.0592043
0.0593874
0.0593569
0.05954
0.0595706
5.97537e-02
0.0597231
0.0599062
0.0599062
6.00588e-02
0.0600588
6.02114e-02
6.04250e-02
6.03945e-02
0.0603945
6.05776e-02
0.0605776
0.0607302
6.07607e-02
6.09133e-02
0.0609133
6.10964e-02
0.0610659
6.12185e-02
0.0612185
6.14016e-02
0.0614321
0.0615542
0.0615847
6.17373e-02
6.19204e-02
0.0619204
6.19204e-02
6.21035e-02
0.062073
6.22866e-02
0.0622561
6.24392e-02
0.0624087
6.25920e-02
6.26225e-02
0.0627751
0.0627751
6.29277e-02
0.0629277
0.0631108
0.0631108
6.32939e-02
6.32634e-02
6.34465e-02
0.0636296
6.36296e-02
0.0636296
0.0638127
0.0638127
6.39348e-02
6.39653e-02
0.0641179
0.0641179
6.43010e-02
0.0642705
0.0644536
6.44536e-02
6.46367e-02
6.46367e-02
6.48198e-02
6.47893e-02
6.49724e-02
0.0651555
6.51555e-02
6.51555e-02
6.53081e-02
0.0653081
6.54912e-02
0.0654607
6.56438e-02
6.56438e-02
6.58269e-02
6.58269e-02
6.59795e-02
0.0659795
0.0661626
6.61931e-02
0.0663457
6.63152e-02
0.0664983
6.66509e-02
0.0666509
6.66509e-02
6.68645e-02
0.0668645
0.0670171
6.69866e-02
0.0672002
0.0672002
0.0673223
6.73528e-02
0.0675359
0.0675054
0.0676885
0.0676885
0.0678411
0.0678411
6.80242e-02
6.82073e-02
0.0682073
0.0682073
0.0683599
0.0683904
6.85430e-02
0.068543
0.0687261
0.0687261
0.0688787
0.0688787
0.0690312
6.90007e-02
0.0692143
6.92143e-02
0.0693974
6.93669e-02
6.95500e-02
6.97026e-02
0.0697026
0.0697026
6.98857e-02
0.0699162
0.0700383
0.0700383
0.0702214
7.02214e-02
0.070374
0.0704045
7.05876e-02
7.05876e-02
7.07402e-02
7.07402e-02
0.0708928
7.09233e-02
0.0710759
7.12590e-02
7.12590e-02
7.12590e-02
7.14116e-02
7.14116e-02
7.15947e-02
7.15947e-02
0.0717473
7.17473e-02
7.19304e-02
0.0719609
7.20830e-02
0.0721135
7.22661e-02
0.0722356
7.24187e-02
0.0724187
7.26018e-02
7.27544e-02
7.27544e-02
0.0727544
0.0729375
0.0729375
7.31206e-02
7.31206e-02
7.32732e-02
7.33037e-02
0.0734563
7.34563e-02
7.36089e-02
7.36394e-02
0.073792
7.38225e-02
7.39751e-02
7.39446e-02
7.41277e-02
7.42803e-02
0.0743108
7.43108e-02
7.44634e-02
7.44634e-02
0.0746465
7.46465e-02
7.47991e-02
0.0747991
7.49516e-02
0.0749516
0.0751348
0.0751348
0.0753179
0.0753179
7.55010e-02
7.54704e-02
7.56536e-02
7.58367e-02
7.58061e-02
0.0758061
7.59892e-02
7.59892e-02
7.61724e-02
0.0761724
7.63249e-02
7.63249e-02
0.076508
7.65080e-02
7.66606e-02
0.0766606
0.0768437
7.68437e-02
7.69963e-02
7.70268e-02
0.0771794
0.077332
0.077332
7.73625e-02
0.0775456
7.75151e-02
7.76677e-02
0.0776982
7.78508e-02
7.78203e-02
7.80034e-02
7.80339e-02
0.0781865
0.0781865
7.83696e-02
0.0783696
0.0785222
7.85527e-02
7.87053e-02
7.88579e-02
0.0788884
7.88579e-02
0.079041
7.90410e-02
0.0792241
0.0791936
7.93767e-02
7.93767e-02
7.95598e-02
0.0795598
7.97429e-02
0.0797124
7.98955e-02
0.0798955
8.00786e-02
0.0800481
0.0802312
0.0802312
8.03838e-02
0.0803838
0.0805364
8.05669e-02
8.07500e-02
0.0807195
8.09026e-02
8.09026e-02
8.10552e-02
8.10857e-02
0.0812383
8.12688e-02
0.0814214
8.14214e-02
8.15740e-02
8.15740e-02
8.17571e-02
8.19402e-02
8.19097e-02
8.19097e-02
8.20928e-02
8.20928e-02
0.0822759
8.22453e-02
0.0824285
0.0824285
0.0826116
8.26116e-02
8.27641e-02
8.27947e-02
0.0829473
8.29167e-02
0.0831304
0.0831304
8.33135e-02
0.0834661
0.0834355
0.0834355
8.36186e-02
8.36186e-02
8.37712e-02
0.0838017
8.39543e-02
0.0839543
8.41069e-02
8.41374e-02
0.08429
8.42900e-02
8.44731e-02
0.0844426
8.46257e-02
8.46257e-02
8.48088e-02
0.0849614
8.49919e-02
8.49614e-02
8.51445e-02
0.0851445
8.53276e-02
8.52971e-02
8.55107e-02
8.54802e-02
0.0856633
8.56633e-02
0.0858159
0.0858464
8.59990e-02
8.59990e-02
8.61516e-02
8.61516e-02
8.63347e-02
8.64873e-02
0.0864873
8.64873e-02
8.66704e-02
0.0866704
8.68535e-02
0.086823
8.69756e-02
0.0870061
8.71587e-02
0.0871587
8.73418e-02
8.73418e-02
8.75249e-02
8.75249e-02
0.087708
0.0876775
8.78606e-02
8.80132e-02
0.0880132
0.0880132
8.81658e-02
8.81658e-02
8.83489e-02
8.83794e-02
0.088532
0.0885015
0.0886846
0.0886846
8.88677e-02
0.0888371
0.0890203
8.90203e-02
8.92034e-02
0.0891728
0.0893865
8.95391e-02
8.95391e-02
0.0895391
0.0896916
8.97222e-02
8.98747e-02
0.0898747
9.00578e-02
0.0900578
9.02104e-02
9.02410e-02
9.03935e-02
0.090363
9.05461e-02
9.05766e-02
0.0907292
0.0907292
0.0908818
9.10649e-02
9.10649e-02
9.10344e-02
0.0912175
9.12480e-02
0.0914006
9.14006e-02
9.15532e-02
9.15837e-02
9.17363e-02
9.17363e-02
9.19194e-02
0.0919194
9.20720e-02
0.092072
9.22551e-02
9.22246e-02
9.24382e-02
9.25908e-02
9.25908e-02
0.0925908
9.27739e-02
9.27739e-02
9.29265e-02
0.0929265
9.31096e-02
9.30791e-02
9.32622e-02
0.0932622
9.34453e-02
9.34453e-02
9.35979e-02
0.0936284
0.0938115
0.093781
9.39336e-02
9.40862e-02
9.41167e-02
9.41167e-02
0.0942693
0.0942693
9.44524e-02
0.0944524
0.094605
0.094605
9.47881e-02
9.47881e-02
0.0949712
9.49712e-02
9.51238e-02
0.0951238
9.52764e-02
9.53069e-02
9.54900e-02
9.56120e-02
0.0956426
0.0956426
9.58257e-02
9.57952e-02
0.0959783
9.59783e-02
9.61614e-02
0.0961308
0.0962834
9.63140e-02
9.64665e-02
0.0964665
9.66496e-02
9.66496e-02
0.0968022
9.68022e-02
0.0970159
0.0969853
0.0971379
9.71684e-02
0.097321
0.097321
9.75041e-02
0.0975041
0.0976872
9.76872e-02
9.78398e-02
9.78398e-02
0.0980229
9.80229e-02
9.81755e-02
0.0981755
9.83281e-02
0.0983586
9.85112e-02
9.86943e-02
9.86943e-02
9.86943e-02
9.88469e-02
9.88469e-02
9.90300e-02
0.09903
9.91826e-02
0.0991826
0.0993657
9.93352e-02
9.95183e-02
0.0995183
9.97014e-02
9.97014e-02
9.98540e-02
0.099854
1.00037e-01
0.10022
1.00220e-01
1.00220e-01
1.00373e-01
1.00373e-01
0.100556
1.00556e-01
0.100708
1.00708e-01
1.00892e-01
0.100892
1.01044e-01
1.01075e-01
1.01227e-01
1.01227e-01
1.01349e-01
1.01563e-01
1.01563e-01
1.01563e-01
1.01716e-01
0.101716
1.01929e-01
1.01899e-01
1.02051e-01
1.02051e-01
1.02234e-01
0.102234
1.02387e-01
0.102417
1.02570e-01
1.02601e-01
1.02753e-01
1.02723e-01
1.02906e-01
1.03089e-01
1.03089e-01
1.03089e-01
1.03272e-01
1.03241e-01
1.03425e-01
0.103425
0.103608
1.03608e-01
1.03760e-01
1.03760e-01
1.03943e-01
0.103943
0.104126
1.04096e-01
1.04279e-01
1.04462e-01
1.04462e-01
1.04462e-01
0.104615
0.104615
1.04798e-01
1.04767e-01
1.04950e-01
0.10492
1.05134e-01
1.05103e-01
1.05286e-01
0.105286
1.05469e-01
0.105469
1.05622e-01
0.105622
1.05805e-01
1.05958e-01
0.105958
1.05958e-01
1.06141e-01
1.06141e-01
1.06324e-01
1.06293e-01
1.06476e-01
0.106476
0.106659
1.06659e-01
1.06812e-01
1.06812e-01
0.107026
0.106995
0.107178
0.107178
1.07331e-01
1.07331e-01
1.07483e-01
0.107666
1.07636e-01
0.107666
0.107819
0.107819
0.107972
0.108002
0.108155
1.08155e-01
1.08338e-01
1.08338e-01
0.108521
1.08521e-01
1.08674e-01
0.108674
1.08857e-01
0.108826
1.09009e-01
0.109009
1.09223e-01
1.09375e-01
1.09345e-01
1.09345e-01
0.109528
1.09528e-01
0.109711
1.09711e-01
1.09864e-01
0.109894
0.110016
1.10016e-01
1.10199e-01
1.10199e-01
1.10352e-01
1.10352e-01
1.10535e-01
1.10566e-01
1.10718e-01
1.10871e-01
1.10871e-01
0.110871
0.111023
0.111054
0.111207
0.111237
1.11390e-01
1.11390e-01
1.11542e-01
1.11573e-01
1.11756e-01
1.11725e-01
1.11908e-01
1.11908e-01
1.12061e-01
0.112061
0.112244
0.112427
1.12397e-01
0.112397
1.12549e-01
0.11258
1.12732e-01
1.12732e-01
0.112885
1.12946e-01
1.13099e-01
1.13068e-01
0.113251
1.13251e-01
1.13434e-01
1.13404e-01
0.113587
1.13587e-01
0.113739
1.13770e-01
1.13923e-01
1.13923e-01
1.14106e-01
0.114106
1.14258e-01
1.14258e-01
0.114472
1.14411e-01
1.14594e-01
0.114625
1.14777e-01
1.14777e-01
1.14930e-01
0.11496
1.15113e-01
1.15113e-01
1.15296e-01
0.115479
1.15448e-01
1.15479e-01
1.15601e-01
0.115601
0.115784
0.115784
1.15937e-01
1.15937e-01
1.16150e-01
0.11612
1.16303e-01
0.116303
1.16486e-01
1.16456e-01
1.16639e-01
1.16639e-01
0.116791
1.16974e-01
1.16974e-01
0.116974
0.117127
1.17157e-01
1.17310e-01
1.17341e-01
0.117493
0.117493
1.17646e-01
0.117676
0.117829
1.17829e-01
1.18012e-01
1.17981e-01
0.118165
0.118134
0.118317
0.1185
1.18500e-01
1.18500e-01
1.18683e-01
1.18653e-01
0.118836
1.18836e-01
1.19019e-01
0.118989
0.119172
1.19172e-01
1.19355e-01
1.19355e-01
1.19507e-01
1.19507e-01
0.11969
1.19690e-01
1.19843e-01
0.120026
0.120026
1.20026e-01
0.120179
0.120209
1.20362e-01
1.20362e-01
1.20545e-01
1.20545e-01
1.20697e-01
1.20697e-01
1.20881e-01
1.20850e-01
1.21033e-01
1.21033e-01
1.21216e-01
1.21216e-01
1.21369e-01
1.21521e-01
0.121552
1.21521e-01
0.121705
0.121705
1.21888e-01
1.21888e-01
1.22071e-01
0.122071
0.122223
1.22223e-01
0.122406
1.22406e-01
0.122559
0.122559
0.122742
1.22742e-01
0.122895
1.22895e-01
1.23078e-01
1.23078e-01
0.123261
1.23261e-01
0.123444
0.123444
1.23566e-01
1.23597e-01
1.23749e-01
1.23749e-01
1.23902e-01
1.23932e-01
1.24085e-01
0.124085
1.24238e-01
1.24238e-01
1.24421e-01
1.24604e-01
1.24604e-01
1.24604e-01
1.24756e-01
1.24756e-01
0.124939
1.24939e-01
1.25123e-01
1.25093e-01
1.25276e-01
1.25276e-01
1.25459e-01
1.25459e-01
1.25642e-01
1.25611e-01
1.25794e-01
1.25794e-01
1.25947e-01
1.26130e-01
1.26130e-01
1.26100e-01
1.26283e-01
1.26283e-01
1.26466e-01
1.26466e-01
0.126618
1.26618e-01
0.126801
1.26801e-01
1.26954e-01
0.126985
1.27137e-01
0.127137
1.27320e-01
0.12732
0.127473
1.27473e-01
0.127625
0.127656
0.127809
1.27809e-01
1.27992e-01
1.27992e-01
1.28144e-01
0.128175
1.28327e-01
1.28327e-01
0.12848
0.12851
1.28663e-01
1.28694e-01
1.28846e-01
0.128816
1.28999e-01
1.28999e-01
0.129151
0.129334
1.29334e-01
1.29365e-01
1.29518e-01
0.129518
1.29670e-01
0.12967
1.29853e-01
1.29853e-01
1.30006e-01
1.30006e-01
0.130189
1.30189e-01
0.130372
1.30372e-01
1.30525e-01
1.30525e-01
1.30708e-01
1.30860e-01
1.30860e-01
1.30860e-01
0.131013
0.131074
0.131227
0.131196
1.31379e-01
1.31379e-01
1.31532e-01
1.31532e-01
1.31715e-01
1.31715e-01
0.131867
1.31867e-01
1.32051e-01
1.32051e-01
1.32203e-01
1.32386e-01
1.32386e-01
1.32386e-01
0.132539
1.32569e-01
0.132722
1.32722e-01
1.32905e-01
1.32905e-01
1.33058e-01
0.133088
0.133241
1.33241e-01
1.33424e-01
1.33393e-01
0.133576
1.33576e-01
1.33729e-01
0.133912
1.33912e-01
1.33943e-01
0.134095
0.134095
1.34278e-01
1.34278e-01
1.34400e-01
1.34431e-01
1.34583e-01
0.134583
1.34736e-01
1.34736e-01
1.34889e-01
1.34919e-01
1.35102e-01
1.35102e-01
0.135255
1.35285e-01
0.135438
1.35438e-01
1.35591e-01
1.35591e-01
1.35774e-01
1.35774e-01
1.35957e-01
1.35926e-01
1.36109e-01
1.36140e-01
1.36292e-01
1.36292e-01
0.136445
0.136476
1.36628e-01
1.36628e-01
1.36781e-01
0.136964
0.136994
1.36933e-01
1.37116e-01
0.137116
1.37300e-01
1.37300e-01
1.37452e-01
1.37452e-01
1.37635e-01
0.137635
0.137818
0.137818
0.137971
1.37971e-01
1.38154e-01
1.38154e-01
1.38307e-01
1.38490e-01
0.138459
1.38459e-01
1.38642e-01
0.138673
0.138825
1.38825e-01
1.39009e-01
1.38978e-01
1.39161e-01
1.39161e-01
0.139344
1.39344e-01
1.39527e-01
1.39497e-01
1.39680e-01
0.13968
1.39863e-01
1.40016e-01
1.40016e-01
1.39985e-01
1.40199e-01
1.40168e-01
0.140321
1.40351e-01
1.40504e-01
1.40504e-01
0.140687
1.40687e-01
0.14087
0.14087
1.41023e-01
1.41023e-01
0.141206
1.41206e-01
1.41358e-01
1.41541e-01
1.41541e-01
1.41541e-01
1.41694e-01
1.41725e-01
1.41877e-01
0.141877
1.42060e-01
1.42030e-01
1.42213e-01
0.142182
1.42396e-01
1.42365e-01
0.142549
1.42549e-01
1.42701e-01
0.142732
1.42884e-01
1.43037e-01
0.143067
1.43067e-01
0.14322
1.43220e-01
1.43403e-01
1.43403e-01
1.43556e-01
1.43586e-01
1.43739e-01
1.43739e-01
1.43891e-01
0.143891
1.44074e-01
1.44105e-01
1.44258e-01
0.144258
1.44410e-01
1.44593e-01
1.44593e-01
1.44593e-01
1.44746e-01
1.44746e-01
1.44959e-01
0.144898
1.45082e-01
1.45082e-01
1.45265e-01
1.45265e-01
1.45417e-01
0.145417
1.45600e-01
1.45600e-01
1.45753e-01
1.45783e-01
1.45936e-01
1.46089e-01
1.46119e-01
1.46119e-01
1.46272e-01
1.46272e-01
1.46455e-01
1.46455e-01
1.46607e-01
1.46638e-01
1.46791e-01
1.46791e-01
1.46943e-01
0.146943
1.47126e-01
1.47126e-01
1.47279e-01
1.47309e-01
1.47462e-01
1.47645e-01
1.47645e-01
1.47645e-01
1.47828e-01
1.47798e-01
0.147981
1.47981e-01
1.48133e-01
1.48133e-01
1.48286e-01
1.48316e-01
0.148469
1.48469e-01
1.48652e-01
0.148652
1.48805e-01
1.48805e-01
1.48988e-01
0.14914
1.49171e-01
1.49140e-01
1.49323e-01
0.149323
1.49507e-01
1.49507e-01
1.49659e-01
0.149659
1.49842e-01
1.49812e-01
1.49964e-01
0.149995
1.50178e-01
1.50178e-01
1.50361e-01
1.50361e-01
0.150514
1.50666e-01
1.50666e-01
1.50666e-01
1.50819e-01
1.50849e-01
1.51032e-01
1.51002e-01
1.51155e-01
1.51185e-01
1.51368e-01
1.51368e-01
0.151521
1.51521e-01
1.51704e-01
1.51673e-01
1.51856e-01
1.51856e-01
0.15204
1.52223e-01
1.52192e-01
1.52192e-01
1.52375e-01
1.52375e-01
0.152558
1.52528e-01
1.52711e-01
1.52741e-01
1.52894e-01
1.52894e-01
1.53047e-01
1.53016e-01
1.53230e-01
1.53230e-01
1.53382e-01
1.53382e-01
1.53565e-01
1.53718e-01
1.53718e-01
0.153718
0.153871
1.53901e-01
1.54084e-01
0.154084
1.54237e-01
1.54237e-01
1.54389e-01
1.54389e-01
0.154572
1.54572e-01
1.54756e-01
1.54725e-01
1.54908e-01
1.54908e-01
1.55091e-01
1.55274e-01
1.55274e-01
1.55244e-01
1.55427e-01
1.55427e-01
1.55610e-01
1.55610e-01
1.55763e-01
1.55793e-01
1.55915e-01
1.55915e-01
1.56098e-01
1.56098e-01
1.56251e-01
1.56251e-01
1.56434e-01
0.156434
0.156617
1.56800e-01
1.56770e-01
1.56770e-01
1.56953e-01
1.56953e-01
1.57105e-01
1.57105e-01
1.57289e-01
1.57289e-01
0.157441
1.57441e-01
1.57624e-01
1.57624e-01
1.57807e-01
1.57777e-01
1.57960e-01
1.57990e-01
1.58143e-01
1.58326e-01
1.58296e-01
1.58296e-01
0.158479
1.58479e-01
1.58631e-01
1.58631e-01
1.58784e-01
1.58784e-01
1.58967e-01
1.58967e-01
1.59120e-01
1.59150e-01
1.59303e-01
0.159303
1.59486e-01
0.159486
1.59669e-01
1.59822e-01
1.59822e-01
1.59822e-01
1.59974e-01
1.60005e-01
1.60157e-01
1.60157e-01
1.60340e-01
1.60340e-01
1.60523e-01
1.60493e-01
1.60676e-01
1.60676e-01
1.60859e-01
1.60859e-01
1.61012e-01
1.61012e-01
1.61164e-01
0.161347
1.61378e-01
1.61347e-01
0.1615
1.61500e-01
1.61683e-01
0.161683
1.61836e-01
1.61866e-01
1.62049e-01
0.162019
1.62202e-01
1.62202e-01
1.62354e-01
0.162354
1.62507e-01
1.62538e-01
1.62690e-01
1.62873e-01
1.62873e-01
1.62873e-01
1.63056e-01
0.163056
0.163209
1.63209e-01
1.63392e-01
0.163392
1.63545e-01
1.63514e-01
1.63728e-01
0.163728
1.63880e-01
1.63880e-01
1.64033e-01
0.164063
1.64216e-01
1.64399e-01
1.64399e-01
1.64369e-01
1.64552e-01
0.164582
1.64735e-01
1.64735e-01
1.64887e-01
1.64918e-01
1.65101e-01
1.65101e-01
1.65254e-01
1.65223e-01
1.65406e-01
1.65406e-01
1.65589e-01
1.65589e-01
1.65742e-01
1.65925e-01
1.65925e-01
1.65925e-01
1.66078e-01
1.66078e-01
1.66261e-01
1.66261e-01
1.66444e-01
1.66413e-01
1.66596e-01
1.66596e-01
1.66780e-01
1.66749e-01
1.66932e-01
1.66932e-01
1.67115e-01
1.67268e-01
1.67268e-01
1.67268e-01
1.67451e-01
1.67451e-01
1.67603e-01
1.67603e-01
0.167756
1.67787e-01
0.167939
1.67939e-01
1.68122e-01
1.68122e-01
1.68305e-01
1.68275e-01
1.68458e-01
1.68458e-01
1.68641e-01
1.68824e-01
1.68794e-01
1.68824e-01
1.68977e-01
1.68977e-01
0.16916
1.69160e-01
0.169312
1.69312e-01
1.69465e-01
1.69465e-01
1.69648e-01
0.169618
1.69801e-01
1.69801e-01
1.69953e-01
1.69984e-01
1.70167e-01
1.70320e-01
1.70320e-01
1.70320e-01
1.70503e-01
1.70503e-01
1.70686e-01
1.70655e-01
0.170838
1.70838e-01
1.70991e-01
0.170991
1.71174e-01
1.71174e-01
1.71327e-01
1.71327e-01
1.71510e-01
1.71540e-01
0.171693
1.71876e-01
1.71845e-01
1.71876e-01
1.71998e-01
0.172029
1.72181e-01
1.72181e-01
1.72364e-01
0.172364
1.72517e-01
0.172486
1.72700e-01
1.72700e-01
1.72853e-01
0.172853
1.73036e-01
0.173036
1.73188e-01
1.73371e-01
1.73371e-01
1.73341e-01
1.73554e-01
1.73554e-01
1.73707e-01
1.73707e-01
1.73890e-01
1.73890e-01
1.74073e-01
1.74073e-01
1.74226e-01
1.74226e-01
1.74378e-01
1.74348e-01
0.174531
1.74562e-01
1.74745e-01
0.174897
1.74897e-01
1.74897e-01
1.75080e-01
1.75080e-01
1.75233e-01
0.175202
1.75416e-01
1.75416e-01
1.75569e-01
1.75569e-01
1.75752e-01
1.75752e-01
0.175935
1.75935e-01
1.76087e-01
1.76087e-01
1.76270e-01
1.76423e-01
1.76423e-01
0.176423
1.76606e-01
1.76606e-01
1.76789e-01
1.76759e-01
0.176942
1.76942e-01
1.77094e-01
1.77094e-01
1.77247e-01
1.77278e-01
1.77430e-01
0.17743
1.77613e-01
0.177644
1.77796e-01
1.77949e-01
1.77949e-01
1.77949e-01
1.78102e-01
1.78132e-01
1.78315e-01
1.78285e-01
1.78437e-01
1.78468e-01
1.78651e-01
1.78620e-01
1.78803e-01
1.78773e-01
1.78956e-01
1.78956e-01
1.79139e-01
1.79139e-01
1.79292e-01
1.79475e-01
1.79475e-01
1.79475e-01
1.79627e-01
1.79627e-01
0.179841
1.79811e-01
0.179994
1.79994e-01
1.80146e-01
1.80177e-01
1.80329e-01
0.18036
1.80482e-01
0.180482
1.80665e-01
1.80665e-01
1.80818e-01
1.81001e-01
1.81001e-01
1.81001e-01
1.81153e-01
1.81153e-01
1.81336e-01
1.81336e-01
1.81489e-01
1.81489e-01
1.81672e-01
1.81672e-01
0.181855
1.81855e-01
0.182008
1.82008e-01
1.82191e-01
1.82191e-01
1.82343e-01
1.82527e-01
0.182527
0.182557
1.82710e-01
1.82679e-01
1.82893e-01
1.82893e-01
1.83015e-01
1.83015e-01
1.83198e-01
1.83198e-01
1.83381e-01
1.83381e-01
1.83534e-01
1.83534e-01
1.83717e-01
1.83717e-01
0.1839
1.84052e-01
0.184052
1.84052e-01
1.84205e-01
1.84205e-01
1.84388e-01
1.84419e-01
1.84571e-01
1.84571e-01
1.84724e-01
1.84724e-01
1.84907e-01
1.84907e-01
1.85060e-01
1.85060e-01
1.85243e-01
1.85243e-01
1.85395e-01
1.85578e-01
1.85548e-01
1.85578e-01
1.85761e-01
1.85731e-01
0.185884
1.85914e-01
0.186067
1.86067e-01
1.86219e-01
1.86219e-01
1.86433e-01
0.186433
1.86585e-01
1.86585e-01
1.86769e-01
1.86769e-01
1.86952e-01
1.87104e-01
1.87104e-01
0.187104
1.87257e-01
1.87257e-01
1.87440e-01
0.18744
1.87593e-01
0.187593
1.87776e-01
1.87776e-01
1.87959e-01
1.87959e-01
1.88081e-01
1.88111e-01
1.88294e-01
1.88264e-01
0.188447
1.88630e-01
0.1886
1.88600e-01
1.88783e-01
1.88783e-01
1.88966e-01
1.88966e-01
0.189118
1.89118e-01
1.89271e-01
1.89301e-01
0.189454
1.89485e-01
1.89637e-01
1.89668e-01
1.89820e-01
1.89820e-01
1.89973e-01
1.90156e-01
1.90156e-01
1.90156e-01
1.90309e-01
1.90339e-01
1.90492e-01
0.190492
1.90675e-01
1.90644e-01
0.190797
1.90827e-01
1.90980e-01
1.91010e-01
1.91163e-01
1.91163e-01
1.91316e-01
0.191346
1.91499e-01
1.91682e-01
1.91651e-01
1.91682e-01
1.91834e-01
1.91834e-01
1.92018e-01
1.92018e-01
1.92170e-01
1.92201e-01
1.92353e-01
1.92353e-01
1.92506e-01
1.92536e-01
1.92689e-01
1.92689e-01
1.92842e-01
1.92872e-01
1.93025e-01
1.93208e-01
1.93177e-01
1.93208e-01
1.93391e-01
1.93391e-01
0.193513
1.93513e-01
0.193727
1.93727e-01
1.93849e-01
1.93879e-01
1.94032e-01
1.94062e-01
1.94215e-01
1.94184e-01
1.94398e-01
1.94398e-01
1.94551e-01
1.94734e-01
1.94734e-01
1.94734e-01
1.94886e-01
1.94886e-01
1.95069e-01
0.195039
1.95252e-01
1.95252e-01
1.95374e-01
1.95374e-01
1.95558e-01
1.95558e-01
0.195741
1.95741e-01
1.95893e-01
1.95924e-01
1.96076e-01
1.96259e-01
1.96229e-01
1.96229e-01
1.96412e-01
1.96412e-01
1.96595e-01
1.96565e-01
0.196748
1.96778e-01
1.96931e-01
1.96900e-01
1.97083e-01
1.97083e-01
1.97267e-01
1.97267e-01
1.97419e-01
1.97602e-01
1.97602e-01
1.97602e-01
0.197785
1.97755e-01
1.97938e-01
1.97938e-01
0.198091
1.98121e-01
1.98274e-01
1.98274e-01
1.98426e-01
1.98457e-01
1.98609e-01
1.98609e-01
0.198792
1.98823e-01
1.98976e-01
1.99098e-01
1.99098e-01
1.99098e-01
1.99281e-01
1.99281e-01
1.99433e-01
1.99464e-01
0.199616
1.99616e-01
1.99800e-01
1.99800e-01
1.99983e-01
1.99952e-01
2.00166e-01
2.00135e-01
2.00288e-01
2.00318e-01
2.00471e-01
2.00654e-01
2.00654e-01
2.00654e-01
2.00807e-01
0.200807
2.01020e-01
2.00990e-01
2.01173e-01
2.01173e-01
2.01356e-01
0.201356
0.201478
2.01509e-01
0.201661
0.201692
0.201814
2.01844e-01
2.01997e-01
2.02180e-01
2.02180e-01
2.02180e-01
2.02363e-01
2.02363e-01
2.02516e-01
2.02485e-01
2.02668e-01
2.02699e-01
0.202851
2.02821e-01
2.03004e-01
0.203034
2.03187e-01
2.03187e-01
2.03370e-01
2.03370e-01
2.03523e-01
0.203706
2.03675e-01
2.03706e-01
2.03858e-01
0.203858
2.04041e-01
0.204041
0.204225
2.04194e-01
2.04347e-01
2.04377e-01
2.04591e-01
2.04530e-01
2.04682e-01
2.04713e-01
2.04896e-01
2.04896e-01
2.05049e-01
2.05201e-01
2.05201e-01
2.05232e-01
2.05415e-01
2.05384e-01
2.05567e-01
2.05567e-01
2.05750e-01
2.05720e-01
2.05903e-01
2.05873e-01
2.06056e-01
2.06056e-01
2.06239e-01
2.06239e-01
2.06422e-01
2.06391e-01
2.06574e-01
2.06758e-01
2.06758e-01
2.06758e-01
0.206941
2.06941e-01
2.07093e-01
2.07124e-01
0.207215
2.07246e-01
2.07429e-01
2.07429e-01
2.07582e-01
2.07582e-01
0.207765
0.207765
2.07917e-01
2.07917e-01
2.08100e-01
2.08283e-01
2.08283e-01
2.08283e-01
2.08436e-01
2.08467e-01
2.08650e-01
2.08619e-01
2.08772e-01
2.08802e-01
0.208955
2.08955e-01
0.209138
2.09107e-01
2.09260e-01
2.09291e-01
0.209474
0.209474
2.09626e-01
2.09809e-01
2.09809e-01
2.09809e-01
2.09992e-01
2.09931e-01
2.10114e-01
2.10114e-01
2.10328e-01
2.10298e-01
2.10450e-01
2.10481e-01
2.10664e-01
2.10664e-01
2.10816e-01
2.10816e-01
2.10969e-01
2.11152e-01
0.211152
2.11183e-01
2.11305e-01
2.11305e-01
2.11488e-01
2.11518e-01
2.11671e-01
2.11671e-01
2.11854e-01
2.11823e-01
2.12007e-01
2.12007e-01
2.12159e-01
2.12159e-01
2.12373e-01
2.12373e-01
2.12525e-01
2.12708e-01
2.12708e-01
2.12678e-01
2.12831e-01
2.12861e-01
2.13014e-01
2.13014e-01
2.13166e-01
2.13197e-01
2.13380e-01
2.13349e-01
0.213502
2.13532e-01
2.13716e-01
2.13685e-01
2.13868e-01
2.14021e-01
2.14051e-01
2.14021e-01
2.14234e-01
2.14204e-01
2.14356e-01
2.14356e-01
2.14540e-01
2.14570e-01
2.14723e-01
2.14692e-01
2.14875e-01
2.14875e-01
2.15058e-01
2.15058e-01
2.15211e-01
2.15211e-01
2.15394e-01
2.15547e-01
2.15577e-01
2.15577e-01
2.15730e-01
2.15730e-01
0.215913
0.215882
2.16035e-01
2.16065e-01
2.16249e-01
2.16218e-01
2.16401e-01
2.16401e-01
2.16584e-01
0.216584
2.16737e-01
2.16737e-01
2.16920e-01
2.17072e-01
2.17072e-01
2.17072e-01
2.17256e-01
2.17225e-01
2.17439e-01
2.17439e-01
2.17591e-01
2.17591e-01
0.217744
2.17774e-01
2.17957e-01
2.17927e-01
2.18080e-01
0.21811
2.18263e-01
2.18263e-01
2.18415e-01
2.18598e-01
2.18598e-01
2.18598e-01
0.218781
2.18751e-01
2.18934e-01
0.218934
2.19117e-01
2.19087e-01
2.19270e-01
2.19270e-01
2.19453e-01
0.219453
2.19636e-01
2.19605e-01
2.19819e-01
2.19789e-01
2.19972e-01
2.20124e-01
0.220124
2.20155e-01
2.20307e-01
2.20307e-01
2.20460e-01
2.20429e-01
2.20643e-01
2.20643e-01
2.20796e-01
2.20796e-01
2.20979e-01
2.20979e-01
2.21131e-01
2.21131e-01
2.21284e-01
2.21467e-01
2.21467e-01
2.21498e-01
2.21650e-01
2.21620e-01
2.21803e-01
2.21803e-01
0.221986
2.21986e-01
2.22169e-01
2.22138e-01
2.22322e-01
2.22352e-01
2.22505e-01
2.22474e-01
2.22688e-01
2.22688e-01
2.22871e-01
2.23023e-01
2.22993e-01
2.23023e-01
2.23176e-01
0.223176
2.23329e-01
0.223329
2.23512e-01
2.23512e-01
2.23695e-01
2.23664e-01
2.23847e-01
2.23847e-01
2.24030e-01
2.24000e-01
2.24183e-01
0.224183
2.24366e-01
2.24519e-01
2.24519e-01
0.224519
2.24702e-01
2.24702e-01
0.224854
2.24885e-01
2.25038e-01
2.25038e-01
2.25190e-01
2.25190e-01
2.25373e-01
2.25404e-01
2.25556e-01
0.225556
2.25709e-01
2.25739e-01
2.25892e-01
2.26075e-01
2.26045e-01
2.26045e-01
0.226258
2.26228e-01
2.26380e-01
2.26380e-01
0.226533
2.26563e-01
0.226747
2.26747e-01
2.26899e-01
2.26899e-01
2.27082e-01
2.27052e-01
2.27235e-01
2.27387e-01
0.227387
0.227387
2.27571e-01
2.27571e-01
2.27723e-01
0.227754
2.27937e-01
2.27906e-01
2.28059e-01
2.28089e-01
2.28272e-01
2.28242e-01
2.28425e-01
2.28425e-01
2.28608e-01
2.28608e-01
0.228761
0.228913
2.28913e-01
0.228913
2.29096e-01
0.229096
2.29280e-01
2.29280e-01
2.29463e-01
2.29432e-01
2.29615e-01
2.29615e-01
2.29768e-01
2.29768e-01
2.29951e-01
2.29951e-01
2.30134e-01
2.30134e-01
0.230287
0.230287
2.30470e-01
0.23047
2.30622e-01
2.30622e-01
0.230805
2.30805e-01
2.30958e-01
2.30989e-01
2.31141e-01
2.31141e-01
2.31294e-01
2.31324e-01
2.31446e-01
2.31477e-01
2.31660e-01
2.31660e-01
2.31812e-01
2.31996e-01
2.31965e-01
2.31965e-01
2.32148e-01
2.32148e-01
2.32331e-01
2.32301e-01
2.32484e-01
2.32484e-01
2.32667e-01
2.32667e-01
0.23282
2.32850e-01
2.33003e-01
2.33003e-01
2.33155e-01
2.33186e-01
2.33338e-01
2.33521e-01
0.233521
2.33491e-01
0.233674
0.233674
2.33857e-01
2.33857e-01
2.33979e-01
2.34010e-01
2.34223e-01
2.34162e-01
2.34345e-01
2.34315e-01
2.34529e-01
0.234529
2.34681e-01
2.34681e-01
2.34834e-01
2.35017e-01
2.35017e-01
2.35017e-01
2.35200e-01
2.35169e-01
2.35353e-01
2.35353e-01
2.35536e-01
2.35536e-01
2.35688e-01
0.235719
2.35871e-01
0.235871
2.36054e-01
0.236054
2.36207e-01
2.36238e-01
2.36360e-01
2.36543e-01
2.36543e-01
0.236543
2.36726e-01
2.36726e-01
2.36878e-01
2.36878e-01
0.237062
0.237062
2.37245e-01
2.37245e-01
2.37397e-01
2.37397e-01
0.23755
2.37550e-01
2.37733e-01
2.37733e-01
2.37885e-01
2.38069e-01
2.38069e-01
2.38069e-01
2.38252e-01
2.38252e-01
2.38404e-01
0.238404
2.38587e-01
2.38587e-01
2.38770e-01
2.38770e-01
0.238923
2.38893e-01
2.39076e-01
2.39106e-01
2.39289e-01
2.39259e-01
2.39411e-01
2.39594e-01
2.39564e-01
2.39594e-01
2.39747e-01
2.39747e-01
2.39930e-01
2.39930e-01
2.40113e-01
2.40113e-01
2.40266e-01
2.40266e-01
0.240449
0.240449
2.40602e-01
2.40602e-01
2.40785e-01
2.40785e-01
0.240968
2.41120e-01
2.41120e-01
2.41120e-01
2.41303e-01
2.41303e-01
2.41456e-01
2.41456e-01
2.41639e-01
2.41639e-01
2.41822e-01
2.41792e-01
2.41944e-01
2.41975e-01
2.42127e-01
2.42158e-01
0.24228
2.42280e-01
2.42463e-01
2.42646e-01
2.42646e-01
2.42616e-01
2.42799e-01
2.42799e-01
2.43012e-01
2.42982e-01
2.43134e-01
2.43134e-01
2.43318e-01
2.43348e-01
2.43501e-01
0.243501
2.43653e-01
2.43684e-01
2.43836e-01
2.44020e-01
2.43989e-01
2.44020e-01
2.44172e-01
2.44172e-01
2.44355e-01
2.44325e-01
2.44508e-01
2.44508e-01
0.244691
2.44691e-01
2.44843e-01
2.44843e-01
0.245027
0.245057
2.45179e-01
2.45179e-01
2.45362e-01
2.45545e-01
2.45515e-01
2.45545e-01
2.45698e-01
2.45698e-01
2.45881e-01
2.45881e-01
0.246034
2.46034e-01
2.46217e-01
2.46217e-01
2.46369e-01
2.46369e-01
2.46552e-01
2.46552e-01
2.46705e-01
2.46705e-01
0.246888
2.46888e-01
2.47071e-01
2.47041e-01
2.47193e-01
2.47193e-01
2.47407e-01
2.47407e-01
2.47560e-01
0.247529
2.47712e-01
2.47743e-01
2.47895e-01
2.47895e-01
2.48048e-01
2.48078e-01
2.48261e-01
2.48231e-01
2.48414e-01
2.48567e-01
2.48567e-01
2.48597e-01
2.48750e-01
2.48750e-01
2.48902e-01
2.48902e-01
2.49085e-01
2.49085e-01
2.49269e-01
2.49238e-01
2.49452e-01
2.49421e-01
2.49604e-01
2.49604e-01
2.49757e-01
2.49940e-01
2.49940e-01
2.49940e-01
2.50093e-01
0.250124
2.50277e-01
2.50277e-01
2.50429e-01
2.50429e-01
2.50612e-01
2.50612e-01
0.250795
2.50765e-01
2.50948e-01
2.50948e-01
2.51131e-01
2.51101e-01
0.251284
2.51436e-01
2.51436e-01
2.51467e-01
2.51619e-01
0.251589
2.51802e-01
2.51802e-01
2.51986e-01
2.51955e-01
0.252108
2.52138e-01
2.52291e-01
2.52321e-01
0.252474
2.52474e-01
2.52626e-01
2.52626e-01
2.52779e-01
2.52962e-01
2.52962e-01
0.252962
2.53145e-01
2.53145e-01
2.53298e-01
2.53298e-01
2.53481e-01
2.53481e-01
2.53633e-01
2.53633e-01
2.53817e-01
2.53817e-01
2.54000e-01
2.53969e-01
2.54152e-01
2.54152e-01
2.54335e-01
2.54519e-01
2.54488e-01
0.254488
2.54702e-01
2.54702e-01
2.54824e-01
2.54824e-01
0.255007
2.55007e-01
2.55190e-01
2.55190e-01
2.55312e-01
2.55342e-01
2.55495e-01
2.55495e-01
2.55678e-01
2.55678e-01
2.55861e-01
2.56044e-01
0.256014
2.56014e-01
2.56197e-01
2.56197e-01
2.56350e-01
2.56350e-01
2.56533e-01
2.56533e-01
2.56716e-01
2.56685e-01
2.56868e-01
2.56868e-01
2.57021e-01
2.57051e-01
0.257204
2.57204e-01
2.57387e-01
2.57570e-01
2.57540e-01
2.57570e-01
2.57723e-01
2.57723e-01
2.57875e-01
2.57906e-01
0.258089
0.258028
2.58211e-01
2.58211e-01
2.58394e-01
2.58394e-01
2.58577e-01
2.58577e-01
2.58730e-01
2.58730e-01
2.58913e-01
2.59096e-01
2.59066e-01
0.259066
2.59249e-01
2.59249e-01
2.59432e-01
2.59401e-01
2.59584e-01
2.59584e-01
2.59768e-01
2.59768e-01
2.59920e-01
2.59920e-01
2.60103e-01
0.260103
0.260256
2.60256e-01
2.60439e-01
2.60592e-01
2.60592e-01
2.60592e-01
2.60744e-01
2.60775e-01
2.60958e-01
0.260927
0.26111
2.61141e-01
2.61263e-01
2.61263e-01
2.61446e-01
2.61446e-01
2.61629e-01
2.61599e-01
2.61782e-01
2.61782e-01
2.61934e-01
2.62117e-01
2.62148e-01
2.62117e-01
2.62270e-01
2.62300e-01
2.62484e-01
2.62484e-01
0.262636
2.62636e-01
0.262789
2.62789e-01
2.62972e-01
2.62941e-01
2.63155e-01
2.63155e-01
2.63308e-01
2.63308e-01
0.26346
2.63643e-01
2.63643e-01
2.63674e-01
2.63796e-01
2.63796e-01
2.63979e-01
0.263979
2.64162e-01
2.64132e-01
2.64284e-01
0.264345
2.64498e-01
2.64467e-01
2.64650e-01
2.64650e-01
2.64864e-01
2.64833e-01
2.64986e-01
2.65169e-01
2.65169e-01
2.65200e-01
2.65352e-01
2.65322e-01
2.65505e-01
2.65505e-01
2.65657e-01
2.65688e-01
2.65841e-01
2.65841e-01
2.66024e-01
2.65993e-01
2.66207e-01
2.66146e-01
2.66359e-01
2.66481e-01
2.66512e-01
2.66512e-01
2.66695e-01
2.66665e-01
2.66848e-01
2.66817e-01
2.67031e-01
2.67031e-01
2.67183e-01
2.67183e-01
2.67366e-01
2.67366e-01
0.267519
2.67519e-01
2.67733e-01
2.67702e-01
2.67885e-01
2.68038e-01
2.68038e-01
2.68038e-01
2.68221e-01
2.68251e-01
2.68404e-01
2.68373e-01
2.68557e-01
2.68587e-01
2.68740e-01
2.68740e-01
2.68862e-01
2.68923e-01
2.69075e-01
2.69045e-01
2.69197e-01
2.69411e-01
2.69381e-01
2.69411e-01
2.69533e-01
2.69594e-01
2.69716e-01
2.69716e-01
2.69899e-01
0.269899
2.70052e-01
2.70082e-01
2.70266e-01
2.70266e-01
2.70418e-01
2.70418e-01
2.70571e-01
2.70601e-01
2.70754e-01
2.70937e-01
2.70967e-01
2.70937e-01
2.71090e-01
2.71120e-01
2.71303e-01
2.71273e-01
2.71395e-01
2.71425e-01
2.71639e-01
0.271639
2.71761e-01
2.71761e-01
2.71914e-01
2.71944e-01
2.72097e-01
2.72097e-01
2.72280e-01
2.72432e-01
2.72432e-01
2.72432e-01
2.72615e-01
2.72615e-01
2.72768e-01
2.72799e-01
2.72951e-01
2.72951e-01
2.73134e-01
2.73104e-01
2.73317e-01
2.73287e-01
0.27347
0.27347
2.73653e-01
2.73653e-01
2.73836e-01
2.73958e-01
2.73989e-01
2.73958e-01
2.74172e-01
2.74172e-01
2.74294e-01
2.74324e-01
0.274477
2.74508e-01
2.74630e-01
2.74630e-01
2.74813e-01
2.74843e-01
2.74996e-01
2.74996e-01
2.75179e-01
2.75331e-01
2.75331e-01
2.75331e-01
2.75484e-01
2.75484e-01
2.75667e-01
2.75667e-01
2.75820e-01
2.75820e-01
2.76003e-01
2.76003e-01
2.76186e-01
2.76186e-01
2.76369e-01
2.76369e-01
0.276522
2.76522e-01
2.76674e-01
2.76857e-01
2.76857e-01
2.76827e-01
0.27701
2.77040e-01
2.77193e-01
2.77163e-01
2.77346e-01
2.77346e-01
2.77529e-01
2.77498e-01
2.77681e-01
0.277681
2.77895e-01
0.277864
2.78017e-01
2.78048e-01
2.78200e-01
2.78383e-01
2.78383e-01
2.78383e-01
2.78536e-01
2.78536e-01
2.78719e-01
0.278719
2.78872e-01
2.78872e-01
2.79055e-01
2.79085e-01
2.79238e-01
0.279207
2.79390e-01
2.79390e-01
2.79573e-01
2.79757e-01
2.79757e-01
2.79726e-01
2.79940e-01
2.79940e-01
2.80062e-01
2.80062e-01
2.80214e-01
2.80245e-01
2.80428e-01
2.80397e-01
0.280581
2.80581e-01
0.280764
2.80733e-01
2.80916e-01
2.80916e-01
2.81069e-01
2.81221e-01
0.281252
2.81282e-01
0.281435
2.81404e-01
2.81588e-01
2.81618e-01
2.81801e-01
2.81801e-01
2.81923e-01
2.81923e-01
2.82106e-01
0.282137
2.82259e-01
2.82228e-01
2.82412e-01
0.282595
2.82625e-01
2.82625e-01
2.82778e-01
2.82778e-01
2.82961e-01
0.282961
2.83113e-01
2.83113e-01
2.83266e-01
2.83297e-01
2.83449e-01
2.83480e-01
2.83602e-01
2.83632e-01
2.83785e-01
2.83785e-01
2.83968e-01
2.84151e-01
2.84121e-01
2.84121e-01
0.284304
2.84334e-01
0.284456
0.284456
2.84670e-01
2.84670e-01
2.84822e-01
0.284822
2.85006e-01
2.85006e-01
2.85128e-01
2.85128e-01
2.85311e-01
2.85341e-01
2.85494e-01
2.85677e-01
2.85677e-01
2.85646e-01
0.285799
2.85860e-01
0.286013
2.85982e-01
2.86165e-01
0.286165
2.86348e-01
2.86318e-01
2.86501e-01
2.86501e-01
2.86684e-01
2.86654e-01
2.86837e-01
2.86837e-01
2.86989e-01
2.87172e-01
2.87203e-01
2.87172e-01
2.87325e-01
2.87355e-01
2.87539e-01
2.87539e-01
2.87691e-01
0.287661
2.87844e-01
2.87844e-01
2.88027e-01
2.88057e-01
2.88179e-01
2.88179e-01
2.88393e-01
2.88546e-01
2.88515e-01
2.88546e-01
2.88698e-01
2.88698e-01
2.88881e-01
2.88912e-01
2.89064e-01
2.89034e-01
2.89217e-01
2.89217e-01
2.89400e-01
2.89400e-01
2.89553e-01
2.89553e-01
2.89736e-01
0.289736
0.289919
2.90071e-01
2.90071e-01
2.90071e-01
2.90224e-01
2.90224e-01
0.290407
2.90407e-01
2.90590e-01
2.90590e-01
2.90743e-01
2.90743e-01
2.90895e-01
2.90926e-01
0.291079
2.91048e-01
2.91231e-01
2.91414e-01
2.91414e-01
2.91445e-01
2.91597e-01
2.91597e-01
2.91750e-01
2.91780e-01
2.91933e-01
2.91933e-01
2.92086e-01
0.292086
2.92269e-01
0.292269
2.92421e-01
0.292421
2.92635e-01
2.92604e-01
2.92757e-01
0.29294
2.92940e-01
2.92940e-01
2.93123e-01
2.93123e-01
2.93245e-01
0.293276
0.293489
2.93428e-01
0.293612
2.93612e-01
2.93795e-01
2.93764e-01
2.93947e-01
2.93947e-01
2.94130e-01
2.94130e-01
2.94283e-01
2.94466e-01
2.94466e-01
2.94466e-01
2.94649e-01
2.94649e-01
2.94802e-01
2.94802e-01
0.294985
2.94985e-01
2.95168e-01
2.95137e-01
2.9529e-01
2.95321e-01
2.95504e-01
2.95504e-01
2.95656e-01
0.295656
2.95809e-01
0.295992
2.96022e-01
0.295992
2.96144e-01
2.96175e-01
2.96358e-01
2.96328e-01
2.96480e-01
2.96480e-01
2.96694e-01
2.96663e-01
2.96816e-01
2.96816e-01
2.96999e-01
2.97029e-01
2.97182e-01
2.97152e-01
2.97304e-01
2.97518e-01
2.97518e-01
2.97518e-01
2.97670e-01
2.97670e-01
2.97853e-01
2.97853e-01
2.98037e-01
0.298006
2.98189e-01
0.29822
2.98372e-01
0.298342
2.98555e-01
2.98555e-01
2.98738e-01
2.98708e-01
2.98861e-01
2.99044e-01
0.299044
2.99013e-01
2.99227e-01
2.99196e-01
2.99349e-01
2.99379e-01
2.99562e-01
2.99562e-01
0.299715
2.99715e-01
2.99898e-01
2.99898e-01
3.00051e-01
3.00051e-01
3.00234e-01
3.00386e-01
3.00417e-01
3.00417e-01
3.00570e-01
3.00570e-01
3.00722e-01
3.00753e-01
3.00936e-01
3.00905e-01
3.01058e-01
0.301088
3.01271e-01
3.01271e-01
3.01394e-01
3.01394e-01
3.01577e-01
3.01577e-01
3.01760e-01
3.01912e-01
0.301912
3.01912e-01
3.02065e-01
3.02095e-01
3.02248e-01
3.02248e-01
0.302401
3.02462e-01
3.02584e-01
3.02584e-01
3.02736e-01
3.02767e-01
3.02950e-01
3.02950e-01
3.03102e-01
3.03102e-01
3.03286e-01
3.03438e-01
3.03469e-01
3.03469e-01
3.03621e-01
3.03621e-01
3.03804e-01
3.03804e-01
3.03988e-01
3.03926e-01
3.0411e-01
0.30411
3.04323e-01
3.04293e-01
3.04445e-01
3.04445e-01
3.04628e-01
3.04811e-01
3.04811e-01
3.04781e-01
3.04964e-01
3.04934e-01
3.05147e-01
3.05147e-01
3.05300e-01
3.05300e-01
3.05483e-01
3.05483e-01
0.305666
3.05635e-01
3.05788e-01
3.05819e-01
3.06002e-01
3.06002e-01
3.06185e-01
3.06337e-01
3.06307e-01
3.06337e-01
3.06520e-01
3.06520e-01
3.06673e-01
3.06612e-01
0.306826
3.06856e-01
0.307009
3.06978e-01
3.07161e-01
3.07161e-01
3.07344e-01
3.07314e-01
3.07497e-01
3.07650e-01
3.07680e-01
3.07680e-01
3.07863e-01
3.07863e-01
3.08016e-01
3.08016e-01
3.08199e-01
3.08199e-01
3.08382e-01
3.08352e-01
3.08535e-01
3.08535e-01
3.08718e-01
3.08687e-01
3.08870e-01
3.08870e-01
3.09023e-01
3.09206e-01
0.309206
3.09206e-01
3.09389e-01
3.09389e-01
3.09572e-01
3.09542e-01
3.09694e-01
3.09694e-01
3.09877e-01
3.09877e-01
3.10030e-01
3.10030e-01
3.10244e-01
3.10244e-01
0.310396
3.10579e-01
3.10549e-01
0.310549
3.10732e-01
3.10732e-01
3.10915e-01
3.10884e-01
0.311068
3.11098e-01
3.11251e-01
3.11251e-01
0.311403
3.11403e-01
3.11586e-01
3.11556e-01
3.11739e-01
3.11739e-01
3.11922e-01
3.12105e-01
3.12105e-01
3.12075e-01
3.12227e-01
3.12227e-01
3.12441e-01
3.12441e-01
3.12593e-01
3.12563e-01
3.12746e-01
3.12777e-01
3.12929e-01
3.12899e-01
3.13082e-01
3.13112e-01
3.13295e-01
3.13265e-01
3.13448e-01
3.13601e-01
3.13601e-01
3.13601e-01
0.313784
3.13784e-01
3.13936e-01
3.13936e-01
3.14089e-01
3.14150e-01
3.14302e-01
3.14302e-01
3.14455e-01
3.14455e-01
3.14638e-01
0.314638
3.14760e-01
3.14943e-01
0.314974
3.14974e-01
3.15126e-01
3.15096e-01
3.15279e-01
3.15310e-01
3.15462e-01
3.15493e-01
3.15645e-01
3.15615e-01
3.15828e-01
3.15828e-01
3.15981e-01
3.15950e-01
3.16133e-01
3.16164e-01
3.16317e-01
3.16500e-01
3.16469e-01
0.316469
3.16683e-01
3.16652e-01
3.16835e-01
3.16805e-01
3.16988e-01
3.17019e-01
3.17202e-01
3.17171e-01
3.17324e-01
3.17354e-01
3.17476e-01
3.17507e-01
3.17659e-01
3.17842e-01
3.17842e-01
0.317842
3.18026e-01
3.17995e-01
3.18178e-01
3.18178e-01
3.18361e-01
3.18331e-01
3.18544e-01
3.18514e-01
3.18697e-01
0.318697
3.18850e-01
3.18880e-01
3.19002e-01
3.19002e-01
3.19216e-01
0.319368
3.19368e-01
3.19368e-01
3.19521e-01
3.19551e-01
3.19704e-01
0.319704
3.19887e-01
3.19857e-01
3.20009e-01
3.20070e-01
3.20223e-01
3.20223e-01
3.20345e-01
3.20406e-01
3.20528e-01
3.20742e-01
3.20711e-01
3.20711e-01
3.20894e-01
3.20864e-01
3.21077e-01
3.21077e-01
3.21230e-01
3.21199e-01
3.21413e-01
3.21413e-01
0.321566
3.21566e-01
3.21718e-01
3.21749e-01
3.21932e-01
3.21901e-01
3.22084e-01
3.22237e-01
3.22206e-01
3.22268e-01
3.22451e-01
3.22420e-01
3.22603e-01
3.22573e-01
3.22756e-01
3.22786e-01
3.22939e-01
3.22939e-01
3.23092e-01
0.323061
3.23244e-01
3.23244e-01
3.23397e-01
3.23549e-01
3.23580e-01
3.23610e-01
3.23793e-01
3.23763e-01
3.23946e-01
0.323946
0.324129
3.24099e-01
0.324251
3.24251e-01
3.24465e-01
3.24465e-01
3.24617e-01
3.24617e-01
3.24800e-01
3.24800e-01
3.24953e-01
0.325136
3.25106e-01
3.25106e-01
0.325289
3.25319e-01
3.25472e-01
3.25472e-01
3.25594e-01
3.25655e-01
0.325838
3.25808e-01
3.25930e-01
0.32596
3.26174e-01
3.26113e-01
3.26296e-01
3.26296e-01
3.26479e-01
3.26632e-01
3.26662e-01
3.26662e-01
3.26815e-01
0.326815
3.26967e-01
3.26998e-01
0.32715
0.32715
3.27333e-01
3.27333e-01
3.27517e-01
3.27486e-01
3.27639e-01
3.27669e-01
3.27852e-01
3.28035e-01
3.28005e-01
3.28005e-01
0.328188
3.28188e-01
3.28341e-01
3.28493e-01
3.28493e-01
3.28554e-01
3.28676e-01
3.28676e-01
3.28829e-01
3.28829e-01
3.29012e-01
3.29012e-01
3.29195e-01
3.29165e-01
3.29348e-01
3.29531e-01
3.29531e-01
3.29531e-01
3.29714e-01
3.29714e-01
3.29866e-01
3.29866e-01
3.30050e-01
3.30050e-01
3.30202e-01
3.30233e-01
0.330385
3.30385e-01
3.30538e-01
3.30538e-01
3.30721e-01
3.30904e-01
0.330904
3.30904e-01
3.31026e-01
3.31026e-01
3.31240e-01
3.31240e-01
3.31362e-01
3.31362e-01
3.31514e-01
3.31545e-01
0.331728
0.331697
3.31911e-01
3.31911e-01
3.32064e-01
3.32064e-01
3.32247e-01
3.32399e-01
3.32399e-01
0.33243
3.32582e-01
3.32552e-01
3.32735e-01
3.32766e-01
3.32918e-01
3.32918e-01
3.33071e-01
3.33071e-01
3.33254e-01
3.33284e-01
0.333406
3.33437e-01
0.33359
3.33590e-01
3.33742e-01
3.33895e-01
3.33925e-01
0.333925
3.34108e-01
3.34169e-01
3.34261e-01
3.34261e-01
0.334444
0.334444
3.34627e-01
3.34597e-01
3.34749e-01
3.34780e-01
3.34963e-01
3.34963e-01
3.35085e-01
3.35115e-01
3.35268e-01
3.35482e-01
3.35482e-01
3.35451e-01
3.35604e-01
0.335634
3.35817e-01
3.35817e-01
0.33597
3.35970e-01
3.36153e-01
3.36153e-01
3.36275e-01
3.36275e-01
3.36489e-01
3.36489e-01
3.36641e-01
3.36611e-01
3.36794e-01
3.36946e-01
3.36977e-01
3.36977e-01
3.37160e-01
3.37130e-01
3.37313e-01
3.37343e-01
3.37526e-01
3.37496e-01
3.37648e-01
3.37679e-01
3.37831e-01
3.37831e-01
3.37984e-01
3.37984e-01
3.38167e-01
3.38320e-01
3.38350e-01
3.38320e-01
3.38503e-01
3.38503e-01
3.38686e-01
3.38686e-01
3.38869e-01
3.38839e-01
0.338991
0.339022
0.339174
3.39174e-01
3.39357e-01
3.39388e-01
3.39510e-01
3.39510e-01
3.39663e-01
3.39846e-01
3.39876e-01
3.39876e-01
0.340029
3.39998e-01
3.40181e-01
0.340212
3.40364e-01
3.40364e-01
3.40548e-01
3.40548e-01
3.40700e-01
3.40700e-01
3.40853e-01
3.40853e-01
3.41066e-01
3.41219e-01
3.41219e-01
3.41219e-01
3.41372e-01
3.41372e-01
3.41555e-01
3.41555e-01
3.41738e-01
3.41738e-01
3.41890e-01
3.41890e-01
3.42043e-01
3.42043e-01
3.42226e-01
3.42196e-01
3.42409e-01
3.42409e-01
3.42592e-01
3.42745e-01
3.42714e-01
3.42714e-01
3.42897e-01
0.342897
3.43050e-01
3.43050e-01
3.43233e-01
3.43264e-01
3.43416e-01
3.43416e-01
3.43569e-01
3.43630e-01
3.43782e-01
0.343752
3.43904e-01
3.44088e-01
3.44088e-01
3.44088e-01
3.44271e-01
3.44271e-01
3.44393e-01
0.344393
3.44606e-01
0.344576
3.44759e-01
3.44759e-01
3.44942e-01
3.44942e-01
3.45125e-01
0.345095
3.45247e-01
3.45278e-01
3.45430e-01
3.45613e-01
3.45613e-01
3.45613e-01
0.345766
3.45797e-01
3.45949e-01
3.45949e-01
3.46102e-01
3.46132e-01
3.46285e-01
3.46285e-01
3.46468e-01
3.46437e-01
3.46621e-01
3.46651e-01
