0.00012207
1.52589e-04
0.00030518
0.00030518
0.00048828
0.00048828
0.00067139
6.71390e-04
8.23978e-04
8.23978e-04
1.00709e-03
1.00709e-03
0.00119019
0.00119019
0.0013733
0.0013733
0.00152589
0.00149537
0.00170899
1.70899e-03
0.00186158
0.00186158
0.00204469
2.04469e-03
0.00219728
0.00219728
0.00238039
0.00238039
2.56349e-03
2.53297e-03
0.0027466
0.0027466
0.00283815
0.00286867
0.00302126
0.00302126
0.00320436
3.20436e-03
0.00338747
0.00338747
3.54005e-03
0.00354005
0.00372316
0.00372316
0.00390628
3.90628e-03
0.00408939
0.00405887
4.24197e-03
0.00421146
4.42508e-03
0.00457767
0.00457767
4.54715e-03
0.00476077
0.00476077
0.00491336
0.00491336
0.00506595
0.00509647
5.27957e-03
0.00524905
0.00543216
5.43216e-03
0.00561526
0.00561526
5.76785e-03
0.00573733
0.00592044
5.92044e-03
0.00610355
6.10355e-03
0.00628665
0.00628665
0.00643924
0.00643924
0.00662234
0.00662234
0.00680545
0.00680545
0.00698856
6.92752e-03
0.00711063
0.00714114
0.00729373
0.00729373
0.00747684
7.47684e-03
7.62942e-03
0.00784308
0.00781256
7.81256e-03
7.96515e-03
0.00799567
0.00817877
0.00814825
0.00833136
0.00836188
0.00848395
0.00851446
8.63653e-03
0.00863653
0.00881964
0.00881964
0.00900275
0.00900275
0.00918585
0.00915533
0.00933844
0.00930792
0.00952154
9.52154e-03
0.00967413
9.67413e-03
9.85724e-03
0.00982672
0.0100098
1.00098e-02
0.0101929
0.0101929
0.0103455
0.010376
0.0105286
0.0105286
1.07117e-02
0.0107117
1.08948e-02
0.0108948
0.0110474
1.10474e-02
0.0112
1.12305e-02
1.13526e-02
1.13526e-02
0.0115662
0.0115662
1.17493e-02
1.17188e-02
1.18714e-02
0.0119019
1.20545e-02
0.0120545
0.0122071
0.0122071
0.0123902
0.0123902
0.0125733
0.0125733
0.0127564
1.27259e-02
0.012909
1.29090e-02
1.30921e-02
0.0130616
0.0132447
0.0132447
0.0134278
0.0134278
1.36109e-02
0.0135804
1.37330e-02
0.0137635
1.39161e-02
1.39161e-02
1.40687e-02
0.0142823
1.42823e-02
1.42823e-02
1.44349e-02
0.0144349
0.0145875
0.0145875
1.47706e-02
1.47706e-02
0.0149537
0.0149537
0.0151063
0.0151063
1.52588e-02
0.0152894
0.0154725
0.015442
0.0156251
0.0155945
0.0157777
0.0158082
0.0159608
1.59608e-02
0.0161439
0.0161439
0.016327
1.62965e-02
0.0164796
0.0164796
0.0166322
1.66322e-02
0.0168458
0.0168153
1.69679e-02
1.69679e-02
0.017151
0.017151
0.0173036
0.0174867
0.0174867
1.74867e-02
0.0176698
1.76698e-02
0.0178224
1.78529e-02
0.0180055
0.017975
0.0181581
0.0181886
1.83107e-02
0.0183412
0.0184938
1.85243e-02
1.86769e-02
0.0187074
1.88600e-02
1.90431e-02
1.90126e-02
1.90126e-02
0.0191957
0.0191957
0.0193483
0.0193483
1.95009e-02
0.0195314
0.0197145
0.0197145
0.0198365
1.98671e-02
0.0200197
0.0200197
0.0202028
0.0202028
0.0203553
2.03859e-02
0.0205384
0.0205384
0.0207216
2.07216e-02
0.0209047
2.08741e-02
2.10572e-02
2.10572e-02
2.12098e-02
0.0212098
2.13929e-02
2.13929e-02
0.0215455
2.15760e-02
2.17286e-02
0.0217592
0.0219117
2.19117e-02
2.20643e-02
0.0222474
0.0222474
0.0222474
2.24305e-02
0.0224305
2.25526e-02
0.0225831
0.0227662
0.0227662
0.0229188
2.29493e-02
2.30714e-02
0.0231019
0.0232545
2.32545e-02
0.0234071
2.34376e-02
2.35597e-02
0.0237733
2.37733e-02
2.37733e-02
2.39564e-02
0.0239259
0.024109
0.024109
0.0242616
0.0242921
0.0244752
2.44447e-02
0.0246278
0.0246278
0.0247804
2.48109e-02
2.49635e-02
2.49940e-02
2.51466e-02
0.0251161
0.0252992
0.0253297
0.0254823
0.0254823
0.0256654
0.0256349
0.0258485
0.0257875
2.60011e-02
0.0259706
2.61537e-02
0.0261232
2.63368e-02
2.63063e-02
0.0264894
2.64894e-02
0.0266725
0.0266725
2.68251e-02
0.0270082
0.0270082
2.70387e-02
0.0271608
0.0271608
2.73439e-02
0.0273439
0.0274965
0.0274965
2.76796e-02
2.76796e-02
0.0278627
0.0278627
2.80153e-02
0.0280153
2.81984e-02
0.0281984
0.0283815
0.0283815
0.0285646
2.85341e-02
0.0287172
2.86866e-02
0.0288697
0.0288697
2.90223e-02
0.0290223
2.92054e-02
0.0292054
0.0293885
0.0293885
0.0295106
0.0295411
0.0297242
0.0297242
2.98768e-02
2.98768e-02
0.0300294
3.02430e-02
0.030243
3.02430e-02
3.03956e-02
0.0303956
3.05787e-02
0.0305787
3.07313e-02
3.07313e-02
3.09144e-02
0.0309144
0.0310975
3.10670e-02
0.0312196
0.0312502
0.0314028
0.0314028
0.0315859
0.0315859
0.031769
0.031769
3.19216e-02
0.0318911
0.0321047
0.0320742
3.22573e-02
0.0322573
3.24404e-02
0.0324099
3.25930e-02
0.032593
0.0327761
0.0327761
3.29287e-02
3.29287e-02
3.31118e-02
0.0331118
3.32949e-02
0.0334475
0.0334475
0.0334475
0.0336001
0.0336306
0.0338137
0.0337832
0.0339358
0.0339358
0.0341189
0.0341189
3.42715e-02
0.0342715
0.0344851
3.44546e-02
0.0346377
0.0346072
0.0347903
0.0347903
0.0349734
0.0349734
0.0351565
3.51260e-02
0.0353091
3.53091e-02
0.0354922
3.54617e-02
0.0356448
0.0356448
3.58279e-02
0.0358279
0.0359805
0.0359805
3.61636e-02
0.0361941
0.0363467
0.0363467
0.0364993
3.65298e-02
0.0366518
0.0366518
0.036835
0.036835
0.0369875
0.0369875
0.0371706
0.0372012
0.0373232
0.0373232
0.0375369
0.0375063
3.76589e-02
0.0376894
0.0378726
0.0378726
0.0380251
0.0381777
3.81777e-02
0.0381777
0.0383608
0.0383608
0.0385439
3.85134e-02
0.0386965
0.0386965
3.88796e-02
3.88796e-02
0.0390322
3.90322e-02
0.0392153
0.0392153
0.0393984
0.0393984
3.95205e-02
3.95205e-02
3.97036e-02
0.0398867
0.0398867
0.0398562
0.0400698
0.0400393
0.0402224
4.02529e-02
0.040375
4.04055e-02
0.0405581
0.0405886
0.0407412
4.07412e-02
4.09243e-02
4.08938e-02
0.0410769
0.0410769
4.12600e-02
4.14126e-02
0.0414126
4.14126e-02
0.0415957
0.0415957
4.17483e-02
0.0417483
0.0419314
0.0419314
4.21145e-02
0.0421145
0.0422671
0.0422366
4.24197e-02
0.0424197
0.0426028
0.0426028
0.0427859
0.0427859
0.0429385
0.0429385
0.0431216
0.0431216
0.0433047
0.0432742
0.0434573
0.0434573
0.0436099
0.0436404
4.37930e-02
0.043793
0.0439456
0.0439456
0.0441287
0.0441287
0.0442812
0.0444643
4.44643e-02
0.0444643
4.46169e-02
0.0446169
0.0448
4.48306e-02
4.49526e-02
0.0449526
4.51357e-02
4.51357e-02
0.0452883
0.0453188
4.54714e-02
0.0454714
0.045624
4.56545e-02
4.58071e-02
0.0459902
0.0459902
0.0459902
0.0461428
0.0461733
0.0463259
0.0463259
4.65090e-02
0.046509
0.0466616
0.0466616
4.68447e-02
4.68447e-02
0.0470583
0.0469973
4.71804e-02
0.0472109
0.0473635
0.0473635
4.74856e-02
4.76992e-02
4.76992e-02
0.0476687
4.78518e-02
0.0478518
4.80349e-02
0.0480349
0.0481875
4.81875e-02
4.83401e-02
4.83706e-02
4.85232e-02
0.0485537
0.0487063
0.0487063
0.0488894
4.88589e-02
0.049042
4.90420e-02
0.0492251
4.92251e-02
4.93777e-02
4.94082e-02
4.95608e-02
4.95608e-02
0.0497439
0.0497134
0.0498965
4.98965e-02
0.0500796
5.00796e-02
5.02627e-02
0.0502322
5.03848e-02
0.0503848
5.05679e-02
0.0507205
5.07510e-02
5.07205e-02
0.0509036
0.0509036
0.0510867
0.0510867
0.0512393
0.0512698
5.14224e-02
5.14224e-02
0.0516055
0.0515749
0.0517581
0.0517581
0.0519106
5.19106e-02
0.0520937
0.0521243
5.22463e-02
0.0522768
0.0524294
0.0524294
0.0526125
5.26125e-02
5.27956e-02
0.0527651
5.29482e-02
0.0529482
5.31008e-02
0.0531313
5.32839e-02
5.32839e-02
0.0534365
5.34670e-02
0.0536196
5.37722e-02
0.0537722
0.0538027
0.0539553
0.0539553
0.0541384
0.0541079
5.42910e-02
0.0543215
0.0544741
0.0544741
5.46572e-02
0.0546572
0.0548098
0.0548098
5.49624e-02
0.0549624
0.0551455
5.51455e-02
5.53286e-02
5.55117e-02
5.54812e-02
0.0554812
5.56338e-02
0.0556643
0.0558474
0.0558474
0.0559695
5.59695e-02
5.61526e-02
0.0561526
0.0563357
5.63052e-02
5.64883e-02
5.65188e-02
0.0566714
5.66714e-02
5.68545e-02
5.70071e-02
0.0570071
5.70071e-02
0.0571902
0.0571597
0.0573428
5.73428e-02
0.0575259
5.77090e-02
5.76785e-02
0.057709
5.78616e-02
0.0578616
0.0580447
0.0580447
5.81973e-02
5.81973e-02
5.83498e-02
5.85635e-02
0.0585635
5.85330e-02
0.0586855
0.0587161
0.0588686
5.88686e-02
5.90518e-02
5.92043e-02
5.92349e-02
0.0592043
0.0593569
0.0593874
0.05954
0.05954
5.97231e-02
5.97231e-02
5.99062e-02
0.0600588
0.0600588
6.00588e-02
6.02419e-02
0.0602419
0.0603945
0.0603945
6.05776e-02
0.0605776
0.0607302
0.0607302
0.0609133
0.0609133
0.0610659
0.0610964
6.12490e-02
0.061249
0.0614016
6.15542e-02
6.15847e-02
6.15847e-02
0.0617373
0.0617678
6.19204e-02
0.0619204
6.20730e-02
6.20730e-02
0.0622561
0.0622866
0.0624392
0.0624392
6.26225e-02
0.062592
0.0627751
6.27751e-02
6.29277e-02
0.0631108
6.31108e-02
0.0631108
0.0632939
6.32939e-02
6.34465e-02
0.0634465
0.0636296
6.36296e-02
0.0637822
0.0637822
6.39348e-02
0.0639653
0.0641179
6.41179e-02
0.064301
6.43010e-02
0.0644536
0.0644841
6.46062e-02
0.0646367
6.48198e-02
0.0648198
6.49724e-02
6.49724e-02
0.065125
0.065125
6.53081e-02
0.0653081
6.54912e-02
0.0654912
6.56438e-02
0.0656438
0.0658269
0.0658269
6.59795e-02
6.61626e-02
6.61626e-02
6.61626e-02
0.0663152
6.63152e-02
0.0664983
0.0664983
6.66814e-02
6.66509e-02
6.68340e-02
0.066834
0.0669866
0.0670171
0.0671697
0.0671697
6.73223e-02
6.73223e-02
6.75054e-02
6.76885e-02
0.0676885
6.76885e-02
6.78716e-02
6.78411e-02
0.0680242
6.80242e-02
0.0681767
0.0681767
0.0683599
0.0683599
0.0685124
0.068543
6.86955e-02
6.86955e-02
0.0688787
0.0688787
6.90618e-02
0.0692143
0.0692143
0.0692143
6.93974e-02
6.93974e-02
6.95806e-02
0.06955
6.97331e-02
0.0697026
0.0698857
6.98857e-02
7.00688e-02
7.00383e-02
7.02214e-02
7.02519e-02
0.0704045
7.04045e-02
0.0705876
7.07097e-02
0.0707402
0.0707402
7.09233e-02
0.0709233
0.0710759
7.10759e-02
0.071259
7.12590e-02
7.14116e-02
0.0714116
0.0715947
0.0715947
0.0717778
0.0717778
7.19304e-02
0.0719304
0.0721135
0.0722356
0.0722661
7.22661e-02
0.0724187
0.0724187
7.26018e-02
0.0726018
7.27544e-02
0.0727849
0.0729375
0.0729375
7.31206e-02
0.0731206
7.32732e-02
7.32732e-02
0.0734258
0.0734563
0.0736089
7.36089e-02
7.37920e-02
0.0739446
7.39446e-02
0.0739446
0.0741277
0.0741277
7.43108e-02
0.0743108
0.0744634
7.44634e-02
7.46465e-02
0.0746465
0.0747991
0.0747991
0.0749822
7.49516e-02
7.51348e-02
7.51348e-02
7.53179e-02
7.54704e-02
7.54704e-02
7.54704e-02
0.0756536
0.0756536
0.0758367
7.58061e-02
7.59892e-02
0.0759892
7.61724e-02
7.61724e-02
0.0763249
7.63555e-02
0.076508
0.076508
7.66606e-02
0.0766912
7.68437e-02
7.69963e-02
0.0769963
0.0769963
7.71794e-02
0.0771794
7.73625e-02
7.73320e-02
7.75151e-02
7.75151e-02
7.76677e-02
0.0776677
7.78508e-02
0.0778508
7.80034e-02
7.80034e-02
7.81865e-02
7.81865e-02
0.0783696
0.0785222
0.0785222
7.85222e-02
0.0787053
0.0787053
0.0788579
7.88579e-02
7.90715e-02
7.90410e-02
7.91936e-02
7.91936e-02
0.0793767
0.0794072
7.95598e-02
7.95598e-02
0.0797429
0.0797124
7.98955e-02
8.00786e-02
0.0800176
8.00786e-02
8.02312e-02
8.02312e-02
0.0803838
0.0803838
0.0805669
8.05669e-02
8.07195e-02
0.0807195
8.08721e-02
8.09026e-02
8.10857e-02
0.0810552
8.12078e-02
0.0812383
8.13909e-02
0.0816045
0.081574
0.081574
8.17571e-02
0.0817571
0.0819097
8.19097e-02
8.20928e-02
8.20928e-02
0.0822453
0.0822453
0.0824285
0.0824285
8.26116e-02
8.26116e-02
0.0827641
0.0827641
8.29473e-02
0.0830998
8.31304e-02
0.0831304
0.0832829
8.32524e-02
8.34355e-02
0.0834661
8.36186e-02
0.0836186
8.38017e-02
0.0838017
8.39543e-02
8.39543e-02
0.0841069
8.41374e-02
8.42900e-02
0.0842595
0.0844731
8.46257e-02
0.0846257
8.46257e-02
0.0847783
8.48088e-02
0.0849919
0.0849919
8.51445e-02
8.51445e-02
0.0853276
0.0853276
0.0854802
0.0854802
8.56633e-02
0.0856633
0.0857854
0.0858159
8.60295e-02
0.0861516
0.0861211
8.61516e-02
8.63347e-02
8.63347e-02
8.64873e-02
0.0864873
8.66704e-02
0.0866704
8.68230e-02
8.68230e-02
8.69756e-02
8.70061e-02
0.0871892
8.71587e-02
8.73113e-02
8.73418e-02
8.74944e-02
0.0876775
8.76775e-02
8.76775e-02
0.0878301
0.0878606
8.80437e-02
0.0880132
0.0881963
8.81963e-02
0.0883489
0.0883794
0.0885015
8.85320e-02
8.86846e-02
8.86846e-02
8.88371e-02
0.0888677
8.90203e-02
8.92034e-02
0.0891728
0.0892034
8.93559e-02
0.0893865
0.0895391
0.0895391
0.0896916
0.0897222
8.98747e-02
8.98747e-02
9.00578e-02
0.0900578
0.090241
9.02104e-02
9.03935e-02
0.0903935
9.05461e-02
9.07292e-02
0.0907292
9.07292e-02
9.09123e-02
9.09123e-02
9.10649e-02
9.10649e-02
9.12175e-02
9.12175e-02
9.14006e-02
9.14006e-02
9.15532e-02
9.15532e-02
0.0917363
9.17363e-02
0.0919194
9.18889e-02
9.20720e-02
9.20720e-02
9.22551e-02
0.0922551
0.0924077
9.24382e-02
9.25603e-02
9.25908e-02
9.27739e-02
9.27739e-02
9.29265e-02
0.0929265
9.30791e-02
0.0930791
9.32622e-02
0.0932927
9.34148e-02
9.36284e-02
9.36284e-02
0.0936284
9.37505e-02
9.37505e-02
9.39336e-02
0.0939031
9.41167e-02
0.0941167
9.42693e-02
0.0942693
9.44524e-02
9.44524e-02
0.094605
9.46050e-02
9.47881e-02
0.0947881
0.0949407
9.49407e-02
9.51238e-02
0.0951238
9.53069e-02
9.53069e-02
0.0954595
0.09549
0.095612
0.0956426
0.0958257
0.0957952
0.0959783
9.59783e-02
0.0961614
0.0961614
9.63140e-02
9.63140e-02
9.64971e-02
9.66496e-02
9.66496e-02
9.66496e-02
0.0968328
9.68022e-02
0.0969853
9.69853e-02
9.71684e-02
0.0971379
9.73516e-02
9.73210e-02
0.0974736
9.75041e-02
9.76872e-02
9.76872e-02
9.78398e-02
0.0978398
0.0980229
0.0981755
0.0981755
9.81755e-02
0.0983586
9.83281e-02
0.0985112
0.0985112
0.0986943
9.86943e-02
0.0988469
9.88469e-02
9.90605e-02
9.90300e-02
9.91826e-02
9.92131e-02
0.0993657
9.93352e-02
9.95183e-02
9.97014e-02
9.97014e-02
9.97014e-02
9.98845e-02
0.0998845
1.00037e-01
1.00037e-01
1.00190e-01
1.00190e-01
1.00403e-01
1.00373e-01
1.00525e-01
0.100556
1.00708e-01
1.00708e-01
0.100861
1.00892e-01
1.01044e-01
0.101227
0.101227
1.01227e-01
1.01410e-01
1.01410e-01
1.01563e-01
0.101563
0.101746
1.01746e-01
1.01899e-01
1.01899e-01
0.102051
1.02051e-01
0.102234
0.102234
1.02417e-01
0.102417
1.02570e-01
1.02753e-01
0.102753
1.02723e-01
0.102906
1.02906e-01
1.03089e-01
0.103089
0.103241
0.103272
1.03425e-01
1.03425e-01
1.03608e-01
1.03577e-01
1.03760e-01
1.03760e-01
0.103943
0.103943
1.04096e-01
0.104279
0.104279
1.04279e-01
1.04462e-01
1.04462e-01
1.04584e-01
1.04615e-01
1.04767e-01
0.104767
0.10495
0.10495
1.05164e-01
0.105103
1.05286e-01
0.105286
0.105469
1.05439e-01
1.05622e-01
1.05805e-01
1.05805e-01
1.05805e-01
1.05958e-01
0.105958
1.06141e-01
1.06141e-01
1.06293e-01
1.06293e-01
0.106507
1.06476e-01
0.106659
0.106659
1.06843e-01
0.106812
0.106965
1.06995e-01
0.107178
1.07178e-01
1.07300e-01
1.07483e-01
0.107483
0.107483
1.07666e-01
1.07666e-01
0.10785
0.107819
0.108002
1.08002e-01
1.08155e-01
1.08155e-01
1.08338e-01
0.108338
1.08521e-01
1.08490e-01
1.08674e-01
0.108674
0.108857
1.09040e-01
1.09009e-01
1.09009e-01
1.09192e-01
1.09162e-01
1.09345e-01
1.09345e-01
1.09528e-01
0.109528
0.109711
1.09711e-01
1.09864e-01
0.109833
1.10016e-01
1.10047e-01
1.10199e-01
0.110199
1.10383e-01
1.10535e-01
0.110535
1.10535e-01
1.10688e-01
1.10688e-01
0.110871
0.110901
1.11054e-01
1.11023e-01
1.11207e-01
0.111237
0.11139
1.11390e-01
1.11573e-01
1.11573e-01
1.11725e-01
1.11725e-01
1.11908e-01
0.112061
0.112061
1.12061e-01
1.12244e-01
0.112275
1.12427e-01
0.112366
1.12549e-01
1.12549e-01
0.112732
1.12732e-01
1.12885e-01
0.112946
1.13068e-01
1.13068e-01
0.113251
0.113251
1.13434e-01
1.13587e-01
0.113587
0.113587
1.13770e-01
1.13739e-01
0.113923
0.113923
1.14106e-01
1.14106e-01
1.14258e-01
1.14289e-01
0.114441
1.14441e-01
1.14625e-01
0.114625
1.14777e-01
1.14777e-01
1.14960e-01
1.15113e-01
1.15113e-01
0.115113
1.15296e-01
1.15296e-01
1.15448e-01
1.15479e-01
1.15601e-01
1.15601e-01
1.15784e-01
1.15784e-01
1.15937e-01
0.115967
1.16120e-01
1.16150e-01
0.116303
0.116303
0.116486
1.16639e-01
0.116639
0.116639
0.116822
0.116822
0.116974
0.116974
1.17157e-01
1.17157e-01
1.17310e-01
1.17310e-01
1.17493e-01
1.17493e-01
1.17646e-01
1.17646e-01
1.17829e-01
0.117829
1.17981e-01
1.18165e-01
1.18165e-01
1.18165e-01
0.118348
0.118317
0.1185
1.18470e-01
1.18653e-01
1.18683e-01
1.18836e-01
0.118836
1.18989e-01
1.19019e-01
1.19172e-01
1.19172e-01
1.19355e-01
1.19355e-01
1.19538e-01
1.19660e-01
1.19660e-01
1.19690e-01
1.19843e-01
0.119843
1.20026e-01
1.20026e-01
1.20209e-01
1.20209e-01
0.120362
1.20362e-01
0.120545
1.20545e-01
1.20697e-01
0.120728
1.20850e-01
1.20850e-01
1.21033e-01
1.21186e-01
1.21186e-01
1.21216e-01
1.21369e-01
1.21369e-01
0.121552
0.121552
0.121705
0.121705
1.21888e-01
0.121888
1.22071e-01
1.22071e-01
1.22223e-01
1.22223e-01
1.22376e-01
0.122376
0.12259
1.22559e-01
1.22742e-01
0.122925
1.22895e-01
0.122895
1.23078e-01
0.123078
0.12323
1.23230e-01
1.23414e-01
1.23414e-01
1.23566e-01
1.23566e-01
1.23749e-01
0.123749
0.123902
1.23902e-01
0.124085
1.24085e-01
1.24238e-01
0.124421
1.24421e-01
1.24451e-01
0.124604
1.24604e-01
0.124756
1.24756e-01
1.24939e-01
1.24909e-01
1.25093e-01
1.25123e-01
0.125276
0.125276
0.125428
0.125459
1.25611e-01
1.25611e-01
0.125794
1.25794e-01
1.25947e-01
1.25947e-01
1.26100e-01
1.26130e-01
1.26283e-01
1.26283e-01
1.26466e-01
0.126466
1.26618e-01
1.26618e-01
1.26801e-01
0.126801
1.26985e-01
0.126954
0.127137
1.27137e-01
1.27320e-01
1.27473e-01
0.127473
0.127473
1.27656e-01
0.127656
1.27809e-01
0.127809
0.127992
0.127992
1.28144e-01
0.128175
0.128327
1.28327e-01
1.28480e-01
1.28510e-01
0.128663
0.128663
1.28816e-01
0.128816
1.28999e-01
1.29182e-01
1.29151e-01
1.29151e-01
0.129334
1.29304e-01
1.29487e-01
1.29518e-01
1.29670e-01
1.29670e-01
1.29853e-01
1.29853e-01
1.30006e-01
1.30006e-01
1.30189e-01
1.30189e-01
0.130372
0.130372
0.130525
0.130677
0.130708
0.130708
1.30860e-01
0.13086
0.131043
0.131043
1.31227e-01
1.31196e-01
1.31379e-01
1.31379e-01
1.31501e-01
1.31562e-01
1.31715e-01
0.131715
0.131867
0.131867
1.32051e-01
1.32203e-01
1.32203e-01
0.132203
0.132386
1.32386e-01
1.32539e-01
1.32539e-01
0.132722
0.132722
0.132905
0.132905
1.33058e-01
1.33088e-01
1.33241e-01
1.33241e-01
1.33424e-01
1.33393e-01
1.33576e-01
1.33729e-01
1.33729e-01
1.33729e-01
0.133912
1.33912e-01
1.34095e-01
1.34065e-01
0.134248
1.34278e-01
0.1344
1.34431e-01
1.34583e-01
1.34583e-01
1.34767e-01
1.34767e-01
1.34919e-01
0.134919
1.35102e-01
1.35255e-01
1.35255e-01
0.135255
0.135438
1.35438e-01
1.35621e-01
0.135591
1.35774e-01
1.35774e-01
0.135957
1.35957e-01
1.36109e-01
0.136109
1.36262e-01
0.136292
1.36445e-01
1.36476e-01
1.36628e-01
1.36811e-01
0.136811
0.136811
1.36964e-01
1.36964e-01
1.37116e-01
1.37147e-01
0.137269
0.1373
1.37452e-01
0.137452
1.37635e-01
1.37635e-01
0.137788
1.37788e-01
0.137971
0.137971
1.38124e-01
1.38337e-01
1.38307e-01
1.38337e-01
1.38490e-01
1.38490e-01
1.38642e-01
1.38642e-01
0.138825
1.38795e-01
1.39009e-01
1.39009e-01
1.39161e-01
0.139161
0.139344
1.39344e-01
1.39527e-01
0.139497
1.39649e-01
1.39832e-01
1.39832e-01
1.39832e-01
1.40016e-01
1.40016e-01
1.40199e-01
1.40168e-01
1.40321e-01
1.40351e-01
1.40504e-01
1.40504e-01
1.40687e-01
1.40687e-01
1.40870e-01
1.40840e-01
0.141053
1.41023e-01
1.41206e-01
1.41358e-01
1.41358e-01
0.141389
1.41511e-01
1.41541e-01
0.141694
1.41725e-01
1.41877e-01
1.41877e-01
0.14203
0.14206
0.142213
1.42213e-01
1.42396e-01
1.42396e-01
0.142549
1.42518e-01
0.142701
1.42701e-01
1.42884e-01
0.142884
0.143067
0.143067
1.43220e-01
1.43220e-01
1.43403e-01
1.43403e-01
0.143586
1.43556e-01
0.143739
1.43739e-01
1.43891e-01
1.43922e-01
0.144044
1.44074e-01
0.144258
1.44380e-01
1.44410e-01
0.14441
1.44593e-01
0.144593
0.144746
1.44746e-01
1.44929e-01
1.44898e-01
1.45082e-01
1.45082e-01
0.145265
0.145265
1.45417e-01
1.45448e-01
1.45600e-01
1.45600e-01
1.45753e-01
1.45936e-01
0.145936
1.45936e-01
1.46119e-01
1.46119e-01
1.46241e-01
1.46272e-01
1.46455e-01
1.46424e-01
0.146607
1.46607e-01
1.46791e-01
0.146791
1.46943e-01
0.146974
0.147157
1.47096e-01
1.47279e-01
1.47431e-01
0.147462
0.147462
1.47645e-01
1.47645e-01
1.47828e-01
0.147828
0.147981
1.47950e-01
0.148133
1.48103e-01
1.48286e-01
1.48316e-01
0.148469
1.48469e-01
1.48652e-01
0.148652
1.48835e-01
0.148988
1.48988e-01
0.148988
1.49140e-01
1.49171e-01
1.49323e-01
1.49323e-01
0.149507
1.49507e-01
1.49659e-01
1.49659e-01
1.49842e-01
0.149842
1.50025e-01
1.49995e-01
1.50178e-01
1.50178e-01
1.50361e-01
1.50331e-01
0.150514
1.50483e-01
1.50666e-01
1.50666e-01
0.150849
1.50849e-01
1.51032e-01
1.51032e-01
0.151185
0.151185
1.51368e-01
0.151368
1.51521e-01
0.151521
0.151704
0.151704
0.151856
1.51887e-01
0.15204
0.15204
1.52192e-01
1.52223e-01
0.152375
1.52375e-01
1.52528e-01
0.152558
1.52711e-01
1.52741e-01
0.152894
1.52894e-01
1.53047e-01
0.153047
1.53230e-01
1.53199e-01
1.53382e-01
1.53382e-01
1.53565e-01
1.53718e-01
1.53718e-01
0.153718
1.53871e-01
1.53901e-01
0.154054
0.154084
1.54267e-01
1.54237e-01
1.54389e-01
0.154389
1.54603e-01
1.54603e-01
0.154725
1.54756e-01
1.54908e-01
1.54908e-01
1.55091e-01
1.55274e-01
0.155244
0.155244
0.155427
0.155396
1.55580e-01
1.55610e-01
1.55763e-01
1.55732e-01
1.55915e-01
1.55915e-01
1.56098e-01
1.56098e-01
1.56251e-01
1.56251e-01
1.56434e-01
1.56434e-01
1.56587e-01
1.56770e-01
1.56739e-01
1.56800e-01
0.156953
1.56953e-01
1.57136e-01
1.57105e-01
1.57289e-01
1.57258e-01
1.57441e-01
1.57472e-01
1.57624e-01
0.157624
1.57777e-01
1.57807e-01
1.57960e-01
1.57960e-01
1.58143e-01
0.158296
1.58296e-01
1.58265e-01
1.58448e-01
0.158448
0.158631
0.158601
1.58784e-01
1.58784e-01
1.58967e-01
1.58967e-01
1.59150e-01
1.59150e-01
0.159303
1.59303e-01
1.59486e-01
1.59486e-01
1.59669e-01
1.59822e-01
1.59822e-01
0.159822
1.59974e-01
1.59974e-01
1.60157e-01
1.60157e-01
1.60340e-01
1.60340e-01
0.160493
0.160493
1.60676e-01
1.60676e-01
0.160859
1.60859e-01
1.61042e-01
0.161012
1.61164e-01
1.61347e-01
1.61347e-01
1.61378e-01
1.61500e-01
1.61500e-01
0.161683
1.61683e-01
0.161836
1.61866e-01
1.62019e-01
0.162019
1.62171e-01
1.62171e-01
1.62385e-01
1.62385e-01
1.62538e-01
0.162538
1.62690e-01
1.62873e-01
1.62873e-01
1.62843e-01
1.63026e-01
0.163026
1.63209e-01
1.63209e-01
1.63392e-01
1.63362e-01
1.63575e-01
1.63575e-01
0.163728
1.63728e-01
1.63911e-01
0.163911
1.64063e-01
1.64063e-01
1.64216e-01
0.164399
0.164399
1.64369e-01
0.164552
1.64582e-01
1.64735e-01
1.64735e-01
1.64918e-01
1.64918e-01
1.65071e-01
1.65071e-01
1.65254e-01
1.65254e-01
1.65437e-01
1.65406e-01
1.65589e-01
1.65559e-01
1.65742e-01
1.65925e-01
0.165925
1.65925e-01
1.66108e-01
0.166108
1.66291e-01
1.66261e-01
1.66413e-01
1.66413e-01
0.166596
1.66627e-01
1.66749e-01
0.166749
1.66932e-01
1.66932e-01
1.67085e-01
1.67115e-01
1.67268e-01
0.167451
1.67420e-01
1.67420e-01
1.67603e-01
1.67603e-01
0.167787
0.167756
0.167939
1.67939e-01
1.68122e-01
0.168122
1.68305e-01
1.68305e-01
0.168458
1.68458e-01
0.168641
1.68641e-01
1.68794e-01
1.68946e-01
1.68977e-01
1.68977e-01
1.69160e-01
1.69160e-01
0.169312
1.69312e-01
1.69465e-01
0.169465
0.169648
1.69648e-01
1.69801e-01
0.169801
1.69984e-01
1.70014e-01
1.70167e-01
1.70167e-01
0.17032
0.170503
1.70503e-01
1.70503e-01
1.70655e-01
0.170655
0.170869
0.170838
0.170991
1.70991e-01
1.71174e-01
1.71205e-01
1.71357e-01
1.71327e-01
1.71510e-01
1.71540e-01
1.71693e-01
1.71662e-01
1.71815e-01
1.71998e-01
1.72029e-01
1.72029e-01
1.72181e-01
1.72181e-01
1.72364e-01
0.172334
1.72517e-01
1.72517e-01
1.72700e-01
1.72700e-01
1.72853e-01
1.72853e-01
1.73005e-01
1.73036e-01
1.73188e-01
0.173219
1.73371e-01
1.73554e-01
1.73554e-01
0.173524
1.73738e-01
1.73707e-01
1.73860e-01
1.73890e-01
1.74073e-01
1.74043e-01
1.74226e-01
1.74226e-01
0.174378
0.174378
1.74562e-01
1.74592e-01
1.74714e-01
1.74714e-01
1.74897e-01
0.17505
0.17508
1.75050e-01
1.75233e-01
1.75233e-01
1.75416e-01
0.175416
1.75599e-01
1.75569e-01
1.75752e-01
1.75721e-01
1.75935e-01
1.75904e-01
1.76118e-01
1.76087e-01
1.76240e-01
1.76270e-01
1.76423e-01
1.76606e-01
1.76606e-01
1.76576e-01
0.176759
1.76759e-01
0.176942
1.76942e-01
1.77094e-01
1.77125e-01
1.77278e-01
0.177278
1.77461e-01
1.77461e-01
1.77644e-01
1.77613e-01
1.77766e-01
1.77766e-01
0.177949
1.78132e-01
1.78102e-01
1.78132e-01
0.178285
1.78285e-01
1.78437e-01
1.78468e-01
1.78620e-01
1.78620e-01
1.78803e-01
1.78803e-01
0.178956
1.78956e-01
1.79139e-01
0.179139
1.79292e-01
1.79292e-01
0.179475
1.79505e-01
1.79658e-01
1.79627e-01
1.79811e-01
1.79811e-01
1.79994e-01
1.79994e-01
1.80146e-01
1.80177e-01
1.80329e-01
1.80360e-01
1.80482e-01
1.80512e-01
1.80665e-01
0.180665
1.80818e-01
1.80818e-01
1.81001e-01
0.181184
1.81153e-01
1.81153e-01
1.81336e-01
1.81336e-01
1.81520e-01
1.81489e-01
1.81672e-01
1.81672e-01
1.81886e-01
1.81855e-01
1.82008e-01
1.82008e-01
1.82221e-01
1.82191e-01
1.82374e-01
1.82527e-01
1.82527e-01
1.82527e-01
1.82710e-01
0.18271
1.82893e-01
1.82862e-01
0.183045
0.183076
0.183198
1.83198e-01
1.83381e-01
1.83381e-01
1.83534e-01
1.83534e-01
1.83717e-01
0.183717
1.83900e-01
1.83869e-01
1.84052e-01
1.84205e-01
1.84236e-01
1.84236e-01
1.84388e-01
1.84388e-01
0.184571
1.84571e-01
1.84724e-01
1.84724e-01
1.84907e-01
1.84907e-01
1.85060e-01
1.85060e-01
0.185212
1.85243e-01
1.85426e-01
1.85426e-01
1.85578e-01
1.85731e-01
1.85731e-01
1.85731e-01
1.85914e-01
1.85914e-01
1.86067e-01
1.86097e-01
1.86250e-01
1.86250e-01
1.86433e-01
0.186402
1.86616e-01
1.86585e-01
1.86769e-01
1.86738e-01
0.186921
0.186952
1.87104e-01
1.87287e-01
1.87257e-01
1.87257e-01
0.18744
1.87409e-01
1.87623e-01
1.87593e-01
1.87776e-01
1.87776e-01
1.87959e-01
1.87959e-01
1.88111e-01
1.88111e-01
1.88294e-01
1.88294e-01
1.88447e-01
1.88447e-01
1.88630e-01
1.88783e-01
1.88783e-01
0.188783
0.188966
1.88966e-01
1.89118e-01
1.89118e-01
1.89301e-01
1.89301e-01
1.89485e-01
1.89454e-01
1.89637e-01
1.89637e-01
1.89820e-01
0.18982
1.89973e-01
1.89973e-01
1.90156e-01
1.90309e-01
1.90309e-01
1.90309e-01
0.190492
1.90492e-01
0.190675
1.90644e-01
1.90827e-01
1.90827e-01
1.90980e-01
1.90980e-01
1.91163e-01
1.91163e-01
0.191316
1.91316e-01
1.91499e-01
0.191499
1.91651e-01
0.191834
1.91834e-01
0.191834
0.192018
1.92018e-01
1.92170e-01
1.92170e-01
1.92353e-01
1.92353e-01
1.92536e-01
0.192506
1.92689e-01
1.92719e-01
1.92842e-01
1.92842e-01
1.93025e-01
0.193025
1.93208e-01
1.93360e-01
0.19336
1.93391e-01
1.93574e-01
1.93513e-01
1.93696e-01
1.93696e-01
1.93879e-01
1.93879e-01
1.94032e-01
1.94032e-01
1.94215e-01
0.194215
0.194367
0.194398
0.194551
0.194551
1.94703e-01
1.94886e-01
0.194917
1.94886e-01
1.95069e-01
1.95069e-01
0.195252
0.195222
1.95405e-01
1.95405e-01
1.95588e-01
1.95588e-01
1.95741e-01
1.95741e-01
0.195924
0.195924
1.96076e-01
1.96076e-01
0.196259
1.96412e-01
0.196443
1.96412e-01
1.96595e-01
1.96626e-01
0.196748
1.96748e-01
1.96900e-01
0.1969
1.97114e-01
1.97083e-01
1.97267e-01
0.197267
0.197419
0.197419
0.197602
1.97602e-01
1.97755e-01
1.97968e-01
1.97938e-01
1.97938e-01
1.98121e-01
1.98121e-01
1.98274e-01
1.98304e-01
1.98457e-01
1.98457e-01
1.98609e-01
0.198579
0.198792
0.198792
1.98945e-01
0.198945
1.99098e-01
1.99128e-01
1.99311e-01
1.99464e-01
1.99464e-01
1.99464e-01
1.99616e-01
1.99647e-01
0.1998
1.99769e-01
1.99983e-01
1.99983e-01
0.200135
2.00135e-01
2.00318e-01
2.00318e-01
2.00501e-01
2.00501e-01
0.200654
0.200654
2.00807e-01
2.00990e-01
2.00990e-01
2.00990e-01
2.01173e-01
2.01173e-01
2.01325e-01
2.01325e-01
2.01478e-01
2.01509e-01
0.201692
2.01661e-01
0.201814
2.01844e-01
2.01997e-01
2.01997e-01
0.202149
2.02180e-01
0.202363
2.02516e-01
2.02516e-01
2.02485e-01
0.202668
2.02699e-01
0.202882
0.202851
2.03034e-01
0.203004
2.03187e-01
0.203187
0.20337
2.03370e-01
2.03523e-01
2.03523e-01
2.03706e-01
2.03706e-01
2.03858e-01
2.04041e-01
0.204072
2.04041e-01
2.04194e-01
0.204194
0.204377
2.04408e-01
2.04560e-01
0.20453
2.04713e-01
2.04713e-01
2.04865e-01
2.04865e-01
2.05049e-01
2.05049e-01
2.05232e-01
2.05232e-01
2.05384e-01
2.05567e-01
2.05567e-01
2.05567e-01
2.05720e-01
2.05720e-01
2.05903e-01
2.05903e-01
2.06086e-01
2.06086e-01
2.06239e-01
0.206239
0.206422
0.206422
0.206574
2.06605e-01
2.06758e-01
2.06758e-01
2.06910e-01
2.07063e-01
2.07093e-01
0.207093
2.07276e-01
2.07246e-01
2.07398e-01
2.07429e-01
2.07643e-01
2.07582e-01
2.07734e-01
2.07734e-01
2.07917e-01
2.07917e-01
2.08100e-01
2.08100e-01
2.08283e-01
0.208283
2.08436e-01
0.208619
2.08619e-01
2.08650e-01
2.08772e-01
2.08772e-01
2.08955e-01
0.208955
2.09107e-01
2.09138e-01
2.09291e-01
2.09291e-01
2.09474e-01
0.209443
2.09626e-01
2.09626e-01
2.09809e-01
2.09809e-01
2.09962e-01
2.10114e-01
2.10114e-01
0.210145
2.10298e-01
0.210298
0.21045
2.10450e-01
2.10633e-01
2.10633e-01
2.10786e-01
2.10786e-01
2.10969e-01
2.10999e-01
2.11152e-01
2.11152e-01
2.11305e-01
2.11335e-01
2.11488e-01
2.11671e-01
0.211671
2.11640e-01
2.11823e-01
2.12007e-01
2.11976e-01
2.11976e-01
2.12159e-01
2.12190e-01
2.12342e-01
2.12373e-01
2.12464e-01
2.12495e-01
2.12678e-01
2.12708e-01
2.12831e-01
2.12831e-01
2.13014e-01
2.13166e-01
2.13197e-01
2.13197e-01
2.13380e-01
2.13319e-01
2.13532e-01
0.213532
0.213716
2.13685e-01
0.213868
2.13868e-01
2.14021e-01
2.14021e-01
2.14204e-01
2.14204e-01
2.14387e-01
2.14356e-01
2.14540e-01
2.14692e-01
2.14692e-01
2.14753e-01
2.14875e-01
2.14875e-01
0.215028
2.15058e-01
2.15241e-01
2.15211e-01
2.15364e-01
2.15364e-01
2.15547e-01
0.215547
2.15730e-01
0.215699
2.15913e-01
2.15882e-01
2.16065e-01
2.16218e-01
0.216249
2.16218e-01
2.16401e-01
2.16401e-01
2.16584e-01
2.16584e-01
2.16767e-01
2.16737e-01
0.216889
2.16920e-01
2.17072e-01
2.17072e-01
0.217256
2.17256e-01
2.17408e-01
2.17408e-01
2.17591e-01
2.17744e-01
2.17744e-01
2.17774e-01
2.17927e-01
0.217896
2.18080e-01
2.18080e-01
2.18263e-01
2.18232e-01
2.18415e-01
0.218415
2.18598e-01
0.218598
2.18781e-01
0.218751
2.18934e-01
2.18965e-01
2.19117e-01
2.19300e-01
2.19270e-01
2.19270e-01
0.219453
2.19453e-01
2.19605e-01
2.19605e-01
2.19789e-01
0.219819
2.19972e-01
0.219941
2.20124e-01
2.20155e-01
2.20277e-01
0.220277
2.20460e-01
2.20490e-01
2.20613e-01
2.20796e-01
2.20796e-01
0.220796
0.220979
2.20948e-01
2.21131e-01
2.21131e-01
0.221314
2.21314e-01
0.221467
2.21467e-01
0.22165
2.21650e-01
2.21803e-01
2.21803e-01
2.22016e-01
0.221986
2.22138e-01
2.22322e-01
2.22322e-01
2.22322e-01
2.22505e-01
2.22474e-01
2.22657e-01
2.22657e-01
2.22840e-01
2.22840e-01
0.222993
2.22993e-01
2.23176e-01
2.23176e-01
2.23329e-01
0.223329
2.23542e-01
2.23481e-01
2.23664e-01
2.23664e-01
2.23847e-01
2.24030e-01
0.22403
2.24000e-01
2.24183e-01
2.24183e-01
2.24336e-01
2.24366e-01
2.24519e-01
2.24519e-01
0.224702
2.24702e-01
2.24854e-01
2.24854e-01
2.25038e-01
2.25038e-01
2.25221e-01
2.25221e-01
2.25373e-01
2.25556e-01
2.25556e-01
2.25556e-01
2.25709e-01
0.225709
2.25892e-01
2.25892e-01
2.26075e-01
2.26045e-01
2.26228e-01
2.26228e-01
2.26380e-01
0.22638
2.26533e-01
0.226563
2.26716e-01
0.226899
2.26899e-01
2.26899e-01
2.27082e-01
2.27082e-01
2.27235e-01
2.27235e-01
2.27387e-01
0.227418
0.227571
2.27571e-01
0.227754
2.27754e-01
0.227937
2.27906e-01
2.28089e-01
2.28089e-01
2.28242e-01
2.28425e-01
2.28425e-01
2.28425e-01
2.28608e-01
2.28608e-01
2.28791e-01
2.28730e-01
0.228913
2.28944e-01
0.229096
2.29096e-01
2.29280e-01
2.29280e-01
2.29463e-01
2.29432e-01
2.29585e-01
0.229615
2.29798e-01
2.29981e-01
2.29920e-01
2.29951e-01
2.30134e-01
2.30134e-01
2.30287e-01
2.30287e-01
2.30470e-01
2.30470e-01
2.30622e-01
0.230622
2.30805e-01
2.30805e-01
2.30989e-01
2.30989e-01
2.31111e-01
2.31141e-01
2.31324e-01
2.31477e-01
2.31507e-01
2.31446e-01
0.231629
2.31629e-01
2.31812e-01
0.231782
2.31965e-01
2.31965e-01
2.32148e-01
2.32148e-01
2.32301e-01
2.32331e-01
0.232484
2.32484e-01
0.232667
2.32636e-01
2.32820e-01
0.233003
2.33003e-01
2.32972e-01
2.33155e-01
0.233155
2.33338e-01
2.33338e-01
0.233491
2.33491e-01
2.33674e-01
0.233674
2.33857e-01
0.233857
2.34010e-01
2.34010e-01
2.34193e-01
2.34162e-01
2.34345e-01
2.34498e-01
2.34529e-01
2.34498e-01
0.234681
2.34681e-01
2.34864e-01
2.34864e-01
2.35017e-01
2.35017e-01
0.2352
2.35169e-01
2.35383e-01
0.235353
2.35536e-01
0.235505
2.35719e-01
2.35688e-01
2.35871e-01
2.36024e-01
2.36054e-01
2.36054e-01
2.36238e-01
2.36207e-01
2.36390e-01
2.36390e-01
2.36573e-01
2.36512e-01
2.36695e-01
2.36726e-01
2.36878e-01
2.36878e-01
2.37031e-01
2.37031e-01
2.37214e-01
2.37245e-01
2.37397e-01
0.23758
2.37550e-01
2.37550e-01
2.37733e-01
2.37763e-01
0.237916
2.37916e-01
2.38069e-01
2.38099e-01
2.38252e-01
2.38252e-01
2.38404e-01
2.38404e-01
2.38587e-01
2.38587e-01
2.38740e-01
2.38740e-01
0.238923
2.39106e-01
2.39106e-01
2.39076e-01
2.39228e-01
0.239228
2.39442e-01
0.239411
2.39594e-01
2.39594e-01
2.39747e-01
2.39747e-01
2.39930e-01
2.39930e-01
2.40113e-01
2.40113e-01
2.40266e-01
2.40266e-01
2.40449e-01
2.40602e-01
2.40602e-01
2.40632e-01
2.40785e-01
2.40754e-01
2.40968e-01
2.40937e-01
2.41120e-01
2.41120e-01
2.41273e-01
2.41303e-01
2.41456e-01
2.41456e-01
2.41609e-01
2.41639e-01
2.41792e-01
2.41975e-01
2.41975e-01
2.41975e-01
2.42127e-01
2.42097e-01
2.42311e-01
2.42311e-01
2.42463e-01
2.42463e-01
0.242646
0.242646
2.42799e-01
0.242799
2.43012e-01
2.42982e-01
2.43165e-01
2.43134e-01
2.43318e-01
0.243501
2.43501e-01
2.43470e-01
2.43653e-01
0.243684
2.43836e-01
2.43806e-01
2.44020e-01
2.43989e-01
0.244172
2.44172e-01
2.44355e-01
0.244325
2.44508e-01
2.44508e-01
0.244691
2.44660e-01
2.44843e-01
2.44996e-01
0.245027
2.44996e-01
2.45149e-01
0.245179
2.45332e-01
2.45362e-01
2.45515e-01
2.45515e-01
2.45698e-01
2.45698e-01
2.45851e-01
2.45851e-01
0.246003
2.46034e-01
2.46217e-01
2.46186e-01
2.46369e-01
2.46522e-01
0.246552
2.46552e-01
2.46736e-01
2.46705e-01
2.46888e-01
2.46888e-01
2.47071e-01
2.47071e-01
2.47224e-01
2.47224e-01
2.47407e-01
2.47407e-01
2.47529e-01
2.47560e-01
0.247712
2.47743e-01
2.47895e-01
2.48078e-01
0.248048
2.48078e-01
2.48231e-01
2.48231e-01
0.248414
2.48384e-01
2.48597e-01
2.48567e-01
2.48750e-01
2.48719e-01
2.48902e-01
2.48933e-01
2.49085e-01
2.49055e-01
2.49238e-01
2.49269e-01
2.49421e-01
2.49604e-01
2.49604e-01
2.49574e-01
2.49757e-01
2.49757e-01
2.49940e-01
2.49940e-01
2.50093e-01
2.50093e-01
2.50277e-01
2.50277e-01
2.50429e-01
2.50429e-01
2.50582e-01
2.50612e-01
0.250765
0.250765
2.50948e-01
2.51131e-01
2.51131e-01
2.51101e-01
2.51253e-01
2.51284e-01
2.51467e-01
0.251467
0.251619
2.51619e-01
2.51802e-01
2.51802e-01
2.51955e-01
0.251955
0.252138
2.52108e-01
2.52291e-01
2.52291e-01
2.52474e-01
2.52657e-01
2.52657e-01
2.52626e-01
2.52779e-01
0.252779
2.52993e-01
0.252993
2.53145e-01
2.53145e-01
2.53328e-01
2.53298e-01
2.53481e-01
2.53450e-01
2.53633e-01
0.253664
2.53817e-01
2.53817e-01
2.53969e-01
2.54152e-01
2.54152e-01
2.54152e-01
0.254305
2.54335e-01
0.254488
2.54519e-01
2.54671e-01
0.254641
2.54854e-01
2.54854e-01
2.55007e-01
2.55007e-01
2.55190e-01
2.55190e-01
2.55342e-01
2.55342e-01
2.55495e-01
2.55678e-01
2.55678e-01
2.55678e-01
2.55861e-01
2.55831e-01
2.56014e-01
2.56014e-01
2.56197e-01
2.56166e-01
2.56350e-01
0.25638
2.56533e-01
2.56533e-01
2.56685e-01
2.56685e-01
2.56868e-01
2.57021e-01
0.257051
2.57051e-01
0.257204
2.57204e-01
2.57387e-01
2.57387e-01
2.57540e-01
2.57540e-01
2.57753e-01
2.57723e-01
2.57875e-01
2.57875e-01
2.58028e-01
2.58059e-01
0.258211
0.258211
2.58394e-01
2.58547e-01
2.58608e-01
2.58547e-01
2.58730e-01
2.58730e-01
2.58883e-01
2.58913e-01
2.59066e-01
2.59066e-01
2.59218e-01
2.59249e-01
2.59432e-01
2.59401e-01
0.259554
2.59584e-01
2.59768e-01
2.59768e-01
2.59920e-01
2.60073e-01
2.60103e-01
2.60073e-01
2.60256e-01
2.60256e-01
0.260408
2.60439e-01
2.60592e-01
2.60592e-01
2.60744e-01
2.60775e-01
2.60927e-01
2.60958e-01
2.61080e-01
2.61080e-01
2.61263e-01
2.61263e-01
2.61446e-01
2.61629e-01
2.61599e-01
2.61599e-01
2.61782e-01
2.61782e-01
2.61934e-01
2.61934e-01
2.62117e-01
2.62117e-01
2.62300e-01
2.62300e-01
2.62453e-01
0.262453
2.62636e-01
2.62636e-01
2.62789e-01
2.62789e-01
2.62972e-01
2.63124e-01
0.263155
0.263124
2.63308e-01
2.63308e-01
2.63521e-01
2.63460e-01
2.63613e-01
2.63643e-01
0.263796
2.63796e-01
2.63979e-01
2.63948e-01
2.64132e-01
2.64162e-01
2.64345e-01
2.64315e-01
2.64467e-01
2.64650e-01
0.264681
2.64650e-01
2.64803e-01
2.64803e-01
2.65017e-01
2.64986e-01
2.65169e-01
2.65169e-01
2.65352e-01
0.265352
2.65505e-01
0.265505
0.265688
2.65688e-01
2.65871e-01
0.266024
2.66024e-01
2.66024e-01
0.266207
2.66207e-01
0.266359
2.66329e-01
2.66512e-01
2.66512e-01
2.66695e-01
2.66695e-01
2.66848e-01
2.66848e-01
2.67031e-01
0.267031
2.67183e-01
2.67214e-01
2.67366e-01
2.67519e-01
2.67550e-01
2.67550e-01
2.67702e-01
0.267702
2.67885e-01
2.67885e-01
2.68038e-01
2.68038e-01
2.68221e-01
0.268221
2.68373e-01
0.268373
2.68526e-01
2.68557e-01
2.68740e-01
2.68740e-01
2.68862e-01
2.69075e-01
2.69045e-01
2.69106e-01
2.69228e-01
2.69228e-01
2.69381e-01
2.69381e-01
2.69533e-01
2.69564e-01
2.69747e-01
2.69716e-01
2.69930e-01
2.69899e-01
2.70052e-01
2.70082e-01
2.70266e-01
2.70235e-01
2.70418e-01
2.70571e-01
2.70601e-01
2.70601e-01
2.70784e-01
2.70754e-01
2.70906e-01
2.70937e-01
2.71090e-01
2.71120e-01
2.71273e-01
2.71273e-01
0.271456
2.71456e-01
2.71608e-01
2.71578e-01
2.71761e-01
2.71914e-01
2.71944e-01
2.71944e-01
2.72097e-01
2.72097e-01
0.272249
2.72280e-01
2.72463e-01
2.72463e-01
2.72615e-01
2.72615e-01
2.72799e-01
2.72799e-01
2.72951e-01
2.72951e-01
2.73134e-01
2.73134e-01
2.73287e-01
0.27347
2.73470e-01
2.73470e-01
2.73653e-01
2.73653e-01
2.73806e-01
2.73806e-01
0.273989
0.273989
0.274111
2.74111e-01
2.74324e-01
2.74324e-01
2.74508e-01
2.74477e-01
2.74630e-01
2.74660e-01
2.74843e-01
2.74996e-01
2.74996e-01
2.74965e-01
2.75148e-01
2.75179e-01
2.75331e-01
0.275331
2.75484e-01
0.275515
0.275698
2.75667e-01
0.27582
2.75850e-01
2.76003e-01
0.276003
2.76155e-01
0.276186
2.76339e-01
2.76522e-01
2.76522e-01
0.276522
2.76705e-01
2.76705e-01
2.76857e-01
2.76857e-01
2.77040e-01
2.77040e-01
2.77193e-01
2.77163e-01
2.77346e-01
0.277376
0.277529
2.77529e-01
2.77681e-01
2.77712e-01
2.77864e-01
2.78048e-01
2.78048e-01
2.78048e-01
2.78200e-01
2.7820e-01
2.78383e-01
2.78353e-01
2.78536e-01
2.78536e-01
2.78719e-01
2.78719e-01
2.78902e-01
2.78902e-01
0.279055
2.79085e-01
2.79238e-01
2.79390e-01
2.79390e-01
2.79390e-01
0.279543
0.279573
2.79726e-01
2.79726e-01
2.79879e-01
2.79909e-01
2.80092e-01
2.80062e-01
2.80245e-01
2.80245e-01
2.80397e-01
2.80397e-01
2.80581e-01
2.80550e-01
2.80733e-01
2.80916e-01
2.80916e-01
2.80916e-01
2.81069e-01
2.81069e-01
0.281252
2.81282e-01
2.81435e-01
0.281435
2.81588e-01
2.81618e-01
2.81771e-01
2.81771e-01
2.81923e-01
2.81954e-01
2.82137e-01
2.82106e-01
2.82228e-01
2.82442e-01
0.282442
2.82442e-01
2.82625e-01
2.82595e-01
2.82747e-01
2.82778e-01
2.82961e-01
2.82930e-01
2.83113e-01
2.83113e-01
0.283266
2.83297e-01
2.83449e-01
2.83449e-01
2.83602e-01
2.83632e-01
2.83815e-01
2.83998e-01
2.83968e-01
2.83968e-01
2.84151e-01
2.84151e-01
2.84304e-01
2.84304e-01
2.84456e-01
2.84487e-01
2.84639e-01
2.84670e-01
0.284822
2.84822e-01
2.84975e-01
2.85006e-01
2.85158e-01
2.85128e-01
2.85311e-01
2.85494e-01
2.85494e-01
2.85494e-01
2.85646e-01
0.285646
2.85860e-01
2.85830e-01
2.86013e-01
2.86013e-01
0.286165
0.286196
2.86318e-01
2.86318e-01
0.286501
2.86531e-01
2.86654e-01
2.86654e-01
2.86867e-01
2.87020e-01
2.87020e-01
2.87050e-01
2.87203e-01
0.287172
2.87355e-01
2.87355e-01
2.87539e-01
2.87508e-01
2.87661e-01
2.87691e-01
2.87905e-01
0.287844
2.87996e-01
2.88027e-01
2.88210e-01
2.88210e-01
2.88332e-01
0.288515
2.88515e-01
2.88515e-01
2.88698e-01
2.88698e-01
0.288881
0.288851
2.89034e-01
2.89064e-01
2.89217e-01
2.89217e-01
2.89370e-01
2.89400e-01
2.89553e-01
0.289553
2.89736e-01
2.89736e-01
2.89919e-01
0.290071
2.90041e-01
2.90071e-01
2.90255e-01
2.90255e-01
2.90407e-01
2.90407e-01
2.90560e-01
0.29059
2.90773e-01
2.90743e-01
2.90895e-01
2.90895e-01
0.291079
2.91079e-01
2.91231e-01
2.91231e-01
2.91414e-01
2.91597e-01
2.91597e-01
2.91597e-01
0.29175
2.91780e-01
2.91933e-01
2.91933e-01
2.92086e-01
2.92086e-01
2.92269e-01
2.92269e-01
2.92452e-01
2.92421e-01
2.92604e-01
2.92635e-01
2.92788e-01
2.92788e-01
2.92940e-01
2.93123e-01
2.93123e-01
2.93123e-01
2.93306e-01
2.93276e-01
2.93428e-01
0.293428
2.93642e-01
2.93642e-01
2.93795e-01
2.93795e-01
2.93978e-01
2.93978e-01
2.94130e-01
2.94130e-01
2.94313e-01
2.94313e-01
0.294497
2.94649e-01
2.94649e-01
0.294649
2.94832e-01
2.94832e-01
2.94985e-01
2.94985e-01
2.95168e-01
2.95168e-01
2.95321e-01
2.95321e-01
0.295473
2.95504e-01
2.95656e-01
2.95656e-01
2.95809e-01
2.95839e-01
2.95992e-01
2.96175e-01
0.296175
2.96144e-01
2.96297e-01
2.96328e-01
0.296511
2.96480e-01
2.96663e-01
0.296663
2.96846e-01
0.296816
2.96999e-01
2.96999e-01
2.97182e-01
2.97182e-01
2.97304e-01
0.297335
2.97518e-01
2.97701e-01
2.97670e-01
2.97670e-01
2.97853e-01
2.97853e-01
2.98037e-01
2.98037e-01
2.98189e-01
2.98189e-01
2.98372e-01
2.98372e-01
2.98555e-01
2.98494e-01
2.98677e-01
2.98708e-01
2.98861e-01
2.99074e-01
2.99044e-01
2.99044e-01
2.99227e-01
2.99196e-01
2.99410e-01
2.99379e-01
0.299532
2.99562e-01
2.99746e-01
2.99715e-01
2.99868e-01
2.99898e-01
3.00081e-01
0.300051
3.00234e-01
0.300234
3.00417e-01
3.00570e-01
3.00600e-01
3.00539e-01
3.00753e-01
3.00753e-01
3.00936e-01
3.00936e-01
3.01088e-01
3.01088e-01
3.01241e-01
3.01271e-01
3.01424e-01
3.01394e-01
3.01577e-01
3.01577e-01
3.01760e-01
3.01760e-01
0.301943
3.02095e-01
3.02095e-01
3.02126e-01
3.02279e-01
0.302248
3.02431e-01
0.302462
0.302614
3.02614e-01
3.02736e-01
3.02767e-01
3.02950e-01
3.02950e-01
3.03102e-01
0.303072
3.03316e-01
3.03316e-01
0.303469
3.03591e-01
3.03621e-01
3.03621e-01
3.03804e-01
3.03774e-01
3.03926e-01
3.03957e-01
3.04140e-01
3.04140e-01
3.04323e-01
3.04262e-01
3.04506e-01
3.04445e-01
3.04628e-01
3.04628e-01
3.04781e-01
3.04964e-01
3.04964e-01
3.04995e-01
3.05147e-01
3.05147e-01
3.05300e-01
3.05300e-01
3.05483e-01
3.05513e-01
3.05635e-01
3.05635e-01
3.05819e-01
3.05849e-01
3.06002e-01
3.05971e-01
3.06154e-01
3.06154e-01
3.06368e-01
3.06520e-01
3.0649e-01
3.06490e-01
3.06643e-01
3.06673e-01
3.06856e-01
3.06856e-01
3.06978e-01
3.07009e-01
3.07192e-01
3.07192e-01
3.07375e-01
0.307314
3.07528e-01
3.07528e-01
0.30768
3.07833e-01
3.07833e-01
3.07833e-01
3.08016e-01
3.08016e-01
3.08199e-01
3.08168e-01
3.08352e-01
3.08382e-01
3.08535e-01
3.08504e-01
3.08687e-01
3.08718e-01
3.08870e-01
3.08870e-01
3.09023e-01
3.09053e-01
3.09206e-01
3.09389e-01
3.09389e-01
3.09359e-01
0.309511
3.09572e-01
0.309694
3.09694e-01
3.09847e-01
3.09877e-01
3.10061e-01
3.10030e-01
0.310213
0.310244
3.10396e-01
3.10396e-01
3.10579e-01
3.10732e-01
3.10701e-01
3.10732e-01
3.10915e-01
3.10915e-01
3.11068e-01
3.11068e-01
3.11220e-01
3.11251e-01
3.11434e-01
3.11403e-01
3.11556e-01
3.11586e-01
3.11769e-01
3.11739e-01
3.11892e-01
3.11922e-01
3.12044e-01
3.12258e-01
3.12288e-01
3.12258e-01
3.12410e-01
3.12410e-01
3.12593e-01
3.12593e-01
3.12746e-01
3.12746e-01
3.12929e-01
3.12929e-01
0.313112
3.13082e-01
3.13265e-01
3.13265e-01
3.13448e-01
0.313631
3.13601e-01
3.13601e-01
0.313784
3.13814e-01
3.13967e-01
3.13967e-01
0.314119
3.14150e-01
3.14272e-01
3.14302e-01
3.14455e-01
3.14455e-01
3.14638e-01
3.14638e-01
3.14791e-01
3.14821e-01
3.14974e-01
3.15096e-01
3.15126e-01
3.15126e-01
3.1531e-01
3.15310e-01
3.15462e-01
3.15462e-01
3.15645e-01
3.15645e-01
3.15798e-01
3.15798e-01
3.15981e-01
3.15981e-01
3.16164e-01
3.16164e-01
3.16317e-01
3.16469e-01
0.316469
3.16469e-01
3.16683e-01
3.16652e-01
3.16835e-01
3.16835e-01
3.17019e-01
3.17049e-01
3.17171e-01
3.17171e-01
3.17354e-01
3.17354e-01
3.17537e-01
3.17476e-01
3.17659e-01
3.17659e-01
3.17842e-01
3.18026e-01
3.17995e-01
3.17995e-01
3.18178e-01
3.18178e-01
3.18361e-01
3.18361e-01
3.18514e-01
0.318514
3.18697e-01
3.18697e-01
3.18850e-01
3.18850e-01
3.19033e-01
3.19033e-01
3.19216e-01
3.19185e-01
3.19368e-01
3.19551e-01
3.19551e-01
3.19551e-01
3.19704e-01
3.19704e-01
3.19887e-01
3.19887e-01
0.32007
3.20009e-01
3.20192e-01
0.320223
3.20375e-01
3.20375e-01
0.320528
3.20559e-01
3.20711e-01
3.20711e-01
3.20864e-01
3.21047e-01
3.21047e-01
3.21077e-01
3.21230e-01
3.21230e-01
3.21413e-01
3.21413e-01
3.21566e-01
3.21566e-01
3.21718e-01
3.21718e-01
3.21901e-01
3.21901e-01
3.22054e-01
3.22054e-01
3.22237e-01
3.22420e-01
3.22420e-01
3.22420e-01
3.22603e-01
3.22542e-01
3.22756e-01
3.22786e-01
3.22939e-01
3.22939e-01
3.23061e-01
3.23122e-01
3.23305e-01
3.23244e-01
3.23397e-01
3.23397e-01
3.23580e-01
3.23610e-01
3.23763e-01
3.23946e-01
3.23915e-01
3.23946e-01
3.24099e-01
3.24129e-01
3.24282e-01
3.24251e-01
3.24434e-01
3.24465e-01
3.24617e-01
3.24617e-01
3.24800e-01
3.24770e-01
3.24953e-01
3.24984e-01
3.25136e-01
0.325106
3.25289e-01
3.25472e-01
3.25472e-01
3.25472e-01
3.25624e-01
3.25594e-01
3.25777e-01
3.25808e-01
3.25960e-01
3.25960e-01
3.26143e-01
3.26113e-01
3.26326e-01
3.26326e-01
3.26479e-01
3.26479e-01
3.26632e-01
3.26815e-01
3.26815e-01
3.26815e-01
3.26998e-01
3.26967e-01
3.27150e-01
3.27150e-01
3.27333e-01
3.27303e-01
3.27486e-01
3.27517e-01
3.27669e-01
3.27669e-01
3.27822e-01
3.27822e-01
3.28005e-01
3.28005e-01
3.28188e-01
3.28341e-01
3.28310e-01
3.28310e-01
3.28493e-01
3.28493e-01
3.28676e-01
3.28646e-01
0.328829
3.28829e-01
3.29012e-01
3.28981e-01
3.29195e-01
3.29195e-01
3.29348e-01
3.29348e-01
3.29500e-01
0.329653
3.29683e-01
3.29683e-01
3.29866e-01
3.29836e-01
3.30019e-01
0.330019
3.30202e-01
3.30202e-01
3.30355e-01
3.30355e-01
3.30538e-01
3.30568e-01
0.330721
3.30690e-01
3.30873e-01
3.30873e-01
3.31026e-01
3.31209e-01
3.31179e-01
3.31209e-01
3.31392e-01
3.31392e-01
3.31545e-01
3.31545e-01
3.31728e-01
3.31728e-01
3.31911e-01
3.31911e-01
3.32064e-01
3.32064e-01
3.32247e-01
3.32247e-01
3.32399e-01
3.32582e-01
3.32552e-01
3.32582e-01
3.32735e-01
3.32766e-01
3.32918e-01
3.32888e-01
3.33071e-01
0.333071
3.33254e-01
3.33254e-01
3.33376e-01
3.33437e-01
3.33590e-01
3.33620e-01
3.33742e-01
3.33742e-01
0.333925
3.34108e-01
3.34108e-01
3.34108e-01
3.34261e-01
3.34261e-01
3.34444e-01
3.34444e-01
3.34597e-01
3.34597e-01
3.34780e-01
3.34810e-01
3.34963e-01
3.34932e-01
3.35115e-01
3.35085e-01
3.35268e-01
3.35451e-01
3.35451e-01
3.35451e-01
3.35604e-01
0.335604
3.35817e-01
3.35817e-01
3.35970e-01
3.35939e-01
3.36123e-01
3.36153e-01
3.36306e-01
3.36275e-01
3.36458e-01
3.36458e-01
0.336672
3.36641e-01
3.36794e-01
3.36977e-01
3.36946e-01
3.37008e-01
0.33716
0.33713
0.337313
3.37313e-01
0.337496
3.37496e-01
3.37648e-01
3.37648e-01
3.37801e-01
0.337831
3.37984e-01
3.37984e-01
0.338167
3.38320e-01
3.38350e-01
3.38320e-01
3.38503e-01
3.38503e-01
3.38655e-01
3.38686e-01
3.38839e-01
3.38839e-01
3.38991e-01
3.38991e-01
3.39174e-01
3.39174e-01
3.39327e-01
3.39327e-01
3.39510e-01
3.39510e-01
3.39693e-01
3.39846e-01
3.39846e-01
3.39846e-01
3.40029e-01
3.40029e-01
3.40181e-01
3.40181e-01
3.40364e-01
0.340364
3.40548e-01
3.40517e-01
3.40700e-01
3.40700e-01
3.40883e-01
3.40914e-01
3.41036e-01
3.41219e-01
3.41188e-01
0.341219
3.41402e-01
3.41372e-01
3.41524e-01
3.41555e-01
3.41738e-01
3.41738e-01
3.41890e-01
3.41860e-01
3.42043e-01
3.42073e-01
3.42226e-01
3.42226e-01
0.342379
3.42409e-01
3.42592e-01
3.42714e-01
3.42714e-01
3.42745e-01
3.42897e-01
3.42897e-01
3.43111e-01
3.43050e-01
0.343233
3.43264e-01
3.43416e-01
3.43416e-01
3.43569e-01
3.43569e-01
3.43752e-01
3.43752e-01
0.343904
3.43904e-01
3.44057e-01
3.44271e-01
3.44271e-01
3.44271e-01
3.44423e-01
3.44423e-01
3.44576e-01
3.44606e-01
3.44759e-01
3.44728e-01
3.44912e-01
3.44912e-01
3.45125e-01
3.45095e-01
3.45247e-01
3.45247e-01
3.45430e-01
3.45613e-01
3.45644e-01
3.45613e-01
3.45736e-01
3.45766e-01
3.45949e-01
3.45919e-01
3.46102e-01
3.46102e-01
0.346285
3.46315e-01
3.46468e-01
3.46437e-01
0.346651
3.46651e-01
