-9.9960805
-9.9335224
-9.8669779
-9.800155
-9.7336472
-9.6668561
-9.6003544
-9.533554
-9.4670381
-9.4002312
-9.3334127
-9.266916
-9.2001367
-9.1336569
-9.0668229
-9.0003125
-8.9335301
-8.8670248
-8.8002005
-8.733692
-8.666884
-8.6000468
-8.5335253
-8.4667134
-8.4002423
-8.3334343
-8.2669115
-8.2001005
-8.1335948
-8.0667868
-8.0002746
-7.9335063
-7.866689
-7.8001612
-7.7333642
-7.6668956
-7.600075
-7.5335595
-7.4667373
-7.4001931
-7.3333624
-7.2668739
-7.2000596
-7.1335847
-7.0667616
-6.9999447
-6.9334362
-6.8666219
-6.8001274
-6.7333201
-6.6668406
-6.6000296
-6.5335089
-6.466733
-6.4002607
-6.3334163
-6.2666006
-6.2000784
-6.133238
-6.0667174
-5.9999101
-5.9334641
-5.8666257
-5.8001149
-5.7332955
-5.6667858
-5.5999763
-5.5334655
-5.4666607
-5.3998859
-5.3333776
-5.2665454
-5.2000857
-5.1332609
-5.0667515
-4.9999494
-4.9334944
-4.86664
-4.8001206
-4.7333171
-4.6665249
-4.6000202
-4.5332178
-4.4667021
-4.3998873
-4.3333728
-4.2665732
-4.2000871
-4.1332811
-4.0667778
-3.9999543
-3.9331833
-3.8666672
-3.7998537
-3.7333118
-3.6665045
-3.5999676
-3.5331477
-3.4666368
-3.3998521
-3.3333513
-3.266524
-3.2000615
-3.1332157
-3.0663997
-2.9998927
-2.9331115
-2.8666092
-2.7997796
-2.7332761
-2.6665098
-2.5999927
-2.533178
-2.4666893
-2.3998447
-2.33302
-2.2665228
-2.1997093
-2.1332269
-2.0664184
-1.9999062
-1.9330875
-1.8665717
-1.7997731
-1.733267
-1.6664822
-1.5999762
-1.533155
-1.4663813
-1.3998642
-1.3330617
-1.266552
-1.1997794
-1.1332325
-1.0664177
-0.99990352
-0.93315149
-0.86661945
-0.79980799
-0.73298443
-0.6664807
-0.59966166
-0.5331545
-0.46640682
-0.39987171
-0.33305815
-0.2665394
-0.19976932
-0.13325325
-0.066440072
0.000352693
0.066884038
0.13373307
0.20025073
0.26705701
0.33353822
0.40035264
0.46685254
0.53367129
0.60018081
0.66700045
0.73350034
0.80028843
0.86679304
0.93359689
1.0004196
1.0668896
1.1337092
1.2002007
1.267012
1.3335516
1.4003566
1.4668701
1.5336837
1.60016
1.6669673
1.7334934
1.8002636
1.8668032
1.9336168
2.0004282
2.0669055
2.1337129
2.2002388
2.2669706
2.3335078
2.4003288
2.4668349
2.5336076
2.600151
2.6669771
2.7334771
2.8002857
2.867072
2.9335755
3.0003931
3.066898
3.1337227
3.2002201
3.2670265
3.3335076
3.4003225
3.4668312
3.5336099
3.6001249
3.6669285
3.7334359
3.8002284
3.8670768
3.9335881
4.0004031
4.0668867
4.1336842
4.2001893
4.2670141
4.3335153
4.4003375
4.4668425
4.533594
4.6001236
4.6669338
4.7337575
4.8002149
4.8670375
4.9335474
5.0003572
5.0668895
5.1337416
5.2002566
5.2670579
5.333539
5.4003465
5.4668567
5.5336715
5.6001764
5.667004
5.7338088
5.8002827
5.8670962
5.9335949
6.0004212
6.0668849
6.1337049
6.2002073
6.2670096
6.333552
6.4003571
6.4668668
6.5336844
6.6004606
6.6669619
6.7337832
6.8002917
6.8670968
6.9336116
7.0004239
7.066899
7.1337042
7.2002314
7.2669666
7.3334987
7.4003113
7.4668214
7.5336599
7.6004996
7.6670197
7.7337947
7.8003258
7.8671259
7.9336207
8.0004421
8.0669431
8.133768
8.2002606
8.2670691
8.3335392
8.4003567
8.4671789
8.5336442
8.6004717
8.6669689
8.7337801
8.8003147
8.8671622
8.9336697
9.0004894
9.0669645
9.1337572
9.2002706
9.2670918
9.3335955
9.4004103
9.467223
9.5337115
9.6004955
9.6669954
9.7338276
9.8002854
9.8671103
9.9336213
9.9964656
