-10.006146
-9.9062367
-9.8060942
-9.7059008
-9.6060534
-9.5058998
-9.4057122
-9.3058623
-9.2057198
-9.1055812
-9.0057076
-8.9055291
-8.805381
-8.7055484
-8.6053648
-8.505175
-8.4053485
-8.3051699
-8.2050287
-8.1051386
-8.0049924
-7.9048497
-7.8049861
-7.7048358
-7.6046533
-7.5045617
-7.4046457
-7.3044954
-7.2043142
-7.1044554
-7.0043001
-6.9041227
-6.8042675
-6.7041259
-6.6039828
-6.5041289
-6.403945
-6.303796
-6.2039458
-6.1037609
-6.0035819
-5.9037492
-5.8035615
-5.7034162
-5.6035299
-5.503382
-5.403234
-5.303375
-5.2032259
-5.1030407
-5.0029277
-4.9030152
-4.8028699
-4.7026846
-4.6028205
-4.5026724
-4.4024884
-4.3026344
-4.2024877
-4.1023409
-4.0024744
-3.9023041
-3.8021534
-3.7023156
-3.6021329
-3.5019535
-3.4021232
-3.3019467
-3.2017997
-3.1019045
-3.0017653
-2.9016109
-2.8017507
-2.701605
-2.6014184
-2.5013437
-2.4014211
-2.301278
-2.2010889
-2.1012321
-2.0010804
-1.9008935
-1.8010419
-1.7008974
-1.6007569
-1.5008888
-1.4007084
-1.3005576
-1.2007793
-1.1005939
-1.0004133
-0.90057871
-0.80039736
-0.70025476
-0.6003604
-0.50021488
-0.40006443
-0.30020458
-0.20005885
-0.099871999
0.000249357
0.10016627
0.20031356
0.30049919
0.40035737
0.5005087
0.60069403
0.70054887
0.80069031
0.90083416
1.0006991
1.1008793
1.201025
1.3008683
1.4010552
1.5012332
1.6010665
1.7012433
1.8013855
1.9012784
2.0014218
2.1015762
2.2014354
2.3015789
2.4017657
2.5016088
2.6017186
2.7018655
2.8017487
2.9019119
3.0020578
3.1019384
3.202104
3.3022424
3.4020769
3.5022514
3.6024296
3.7022741
3.8024124
3.9025994
4.0024663
4.1026046
4.202778
4.3026212
4.4028178
4.5029611
4.6028056
4.7029678
4.8031173
4.902993
5.0031425
5.1033394
5.2031777
5.3033596
5.4035216
5.5033713
5.6035545
5.7037166
5.8035536
5.9036895
6.003869
6.1037459
6.2038804
6.304035
6.4039145
6.5040977
6.6042296
6.7041016
6.8042549
6.9044506
7.0042863
7.1044284
7.2045956
7.3044325
7.4046207
7.5047667
7.604631
7.7047807
7.8049664
7.9048184
8.0049706
8.10515
8.2049995
8.3051404
8.4052849
8.505157
8.6053314
8.7054746
8.8053425
8.9055259
9.0057053
9.1055286
9.2057043
9.3058501
9.4057344
9.5058854
9.6060326
9.7058932
9.8060403
9.906211
10.006356
