-9.9960605
-9.8962508
-9.7961706
-9.6961016
-9.596375
-9.4963135
-9.396243
-9.2964903
-9.1964474
-9.0963859
-8.9966219
-8.8965866
-8.7965273
-8.6967615
-8.5966738
-8.4965898
-8.3968655
-8.2968064
-8.1967648
-8.0969693
-7.9969065
-7.8968796
-7.7970995
-7.6970812
-7.5970082
-7.4969528
-7.3971363
-7.2970607
-7.1970065
-7.0972648
-6.9971929
-6.8971363
-6.7973782
-6.6973338
-6.5972694
-6.4975061
-6.3974629
-6.2974072
-6.197628
-6.097539
-5.9974572
-5.897729
-5.7976708
-5.6976326
-5.5978309
-5.4977652
-5.397738
-5.297955
-5.1979403
-5.0978672
-4.9978737
-4.8980558
-4.7979815
-4.6979183
-4.5981836
-4.4981179
-4.3980495
-4.2982901
-4.1982493
-4.0981959
-3.9984265
-3.8983845
-3.7983272
-3.6985366
-3.5984398
-3.4983614
-3.3986293
-3.2985674
-3.19853
-3.0987282
-2.9986699
-2.8986388
-2.7988595
-2.698842
-2.5987675
-2.4987513
-2.3989271
-2.2988513
-2.1987904
-2.0990519
-1.9989898
-1.8989212
-1.7991642
-1.6991194
-1.5990598
-1.49929
-1.3992516
-1.299193
-1.1994731
-1.0993774
-0.99929337
-0.89956258
-0.79950241
-0.69946171
-0.59966179
-0.49959938
-0.39956912
-0.29979026
-0.19977219
-0.099695485
0.000348787
0.10016996
0.200246
0.30030422
0.40004247
0.50010969
0.60017633
0.69993698
0.79997776
0.90003688
0.99980266
1.0998437
1.1999018
1.2996468
1.3997428
1.4998188
1.5995512
1.6996085
1.799651
1.8994493
1.9995105
2.0995404
2.1993212
2.2993352
2.3994136
2.4991709
2.5992283
2.6993055
2.799058
2.8990992
2.9991691
3.0989302
3.1989924
3.299035
3.3987898
3.4988571
3.5989009
3.698652
3.7987007
3.8987943
3.9985628
4.0985978
4.1986603
4.29839
4.3984972
4.4985621
4.5982845
4.6983683
4.7983846
4.8981457
4.9982156
5.0983452
5.19811
5.2981674
5.3982086
5.4979812
5.5980448
5.6981097
5.7978447
5.8979046
5.9979658
6.0977071
6.1977594
6.2978193
6.3976054
6.4976813
6.5977188
6.697465
6.7975051
6.8976124
6.9973646
7.0973897
7.1974809
7.2971846
7.397257
7.4973208
7.597139
7.6972203
7.7972728
7.8970089
7.9970752
8.0971351
8.1968963
8.29693
8.3969961
8.4967536
8.5967971
8.6968545
8.7966416
8.8967402
8.9968138
9.0965425
9.1965937
9.2966374
9.3964408
9.4965034
9.5965285
9.6963032
9.7963234
9.8963982
9.9964532
