-1.000000000000000000e+01
-9.933333333333333570e+00
-9.866666666666667140e+00
-9.800000000000000711e+00
-9.733333333333334281e+00
-9.666666666666667851e+00
-9.600000000000001421e+00
-9.533333333333334991e+00
-9.466666666666668561e+00
-9.400000000000002132e+00
-9.333333333333335702e+00
-9.266666666666669272e+00
-9.200000000000002842e+00
-9.133333333333336412e+00
-9.066666666666669983e+00
-9.000000000000003553e+00
-8.933333333333337123e+00
-8.866666666666670693e+00
-8.800000000000004263e+00
-8.733333333333337833e+00
-8.666666666666671404e+00
-8.600000000000004974e+00
-8.533333333333338544e+00
-8.466666666666672114e+00
-8.400000000000005684e+00
-8.333333333333339255e+00
-8.266666666666672825e+00
-8.200000000000006395e+00
-8.133333333333339965e+00
-8.066666666666673535e+00
-8.000000000000007105e+00
-7.933333333333340676e+00
-7.866666666666674246e+00
-7.800000000000007816e+00
-7.733333333333341386e+00
-7.666666666666674956e+00
-7.600000000000008527e+00
-7.533333333333342097e+00
-7.466666666666675667e+00
-7.400000000000009237e+00
-7.333333333333342807e+00
-7.266666666666676377e+00
-7.200000000000009948e+00
-7.133333333333343518e+00
-7.066666666666677088e+00
-7.000000000000010658e+00
-6.933333333333344228e+00
-6.866666666666677799e+00
-6.800000000000011369e+00
-6.733333333333344939e+00
-6.666666666666678509e+00
-6.600000000000012079e+00
-6.533333333333345649e+00
-6.466666666666679220e+00
-6.400000000000012790e+00
-6.333333333333346360e+00
-6.266666666666679930e+00
-6.200000000000013500e+00
-6.133333333333347070e+00
-6.066666666666680641e+00
-6.000000000000014211e+00
-5.933333333333347781e+00
-5.866666666666681351e+00
-5.800000000000014921e+00
-5.733333333333348492e+00
-5.666666666666682062e+00
-5.600000000000015632e+00
-5.533333333333349202e+00
-5.466666666666682772e+00
-5.400000000000016342e+00
-5.333333333333349913e+00
-5.266666666666683483e+00
-5.200000000000017053e+00
-5.133333333333350623e+00
-5.066666666666684193e+00
-5.000000000000017764e+00
-4.933333333333351334e+00
-4.866666666666684904e+00
-4.800000000000018474e+00
-4.733333333333352044e+00
-4.666666666666685614e+00
-4.600000000000019185e+00
-4.533333333333352755e+00
-4.466666666666686325e+00
-4.400000000000019895e+00
-4.333333333333353465e+00
-4.266666666666687036e+00
-4.200000000000020606e+00
-4.133333333333354176e+00
-4.066666666666687746e+00
-4.000000000000021316e+00
-3.933333333333354886e+00
-3.866666666666688457e+00
-3.800000000000022027e+00
-3.733333333333355597e+00
-3.666666666666689167e+00
-3.600000000000022737e+00
-3.533333333333356308e+00
-3.466666666666689878e+00
-3.400000000000023448e+00
-3.333333333333357018e+00
-3.266666666666690588e+00
-3.200000000000024158e+00
-3.133333333333357729e+00
-3.066666666666691299e+00
-3.000000000000024869e+00
-2.933333333333358439e+00
-2.866666666666692009e+00
-2.800000000000025580e+00
-2.733333333333359150e+00
-2.666666666666692720e+00
-2.600000000000026290e+00
-2.533333333333359860e+00
-2.466666666666693430e+00
-2.400000000000027001e+00
-2.333333333333360571e+00
-2.266666666666694141e+00
-2.200000000000027711e+00
-2.133333333333361281e+00
-2.066666666666694852e+00
-2.000000000000028422e+00
-1.933333333333361992e+00
-1.866666666666695562e+00
-1.800000000000029132e+00
-1.733333333333362702e+00
-1.666666666666696273e+00
-1.600000000000029843e+00
-1.533333333333363413e+00
-1.466666666666696983e+00
-1.400000000000030553e+00
-1.333333333333364124e+00
-1.266666666666697694e+00
-1.200000000000031264e+00
-1.133333333333364834e+00
-1.066666666666698404e+00
-1.000000000000031974e+00
-9.333333333333655446e-01
-8.666666666666991148e-01
-8.000000000000326850e-01
-7.333333333333662551e-01
-6.666666666666998253e-01
-6.000000000000333955e-01
-5.333333333333669657e-01
-4.666666666667005359e-01
-4.000000000000341061e-01
-3.333333333333676762e-01
-2.666666666667012464e-01
-2.000000000000348166e-01
-1.333333333333683868e-01
-6.666666666670195696e-02
-3.552713678800500929e-14
6.666666666663090268e-02
1.333333333332973325e-01
1.999999999999637623e-01
2.666666666666301921e-01
3.333333333332966220e-01
3.999999999999630518e-01
4.666666666666294816e-01
5.333333333332959114e-01
5.999999999999623412e-01
6.666666666666287711e-01
7.333333333332952009e-01
7.999999999999616307e-01
8.666666666666280605e-01
9.333333333332944903e-01
9.999999999999609201e-01
1.066666666666627350e+00
1.133333333333293780e+00
1.199999999999960210e+00
1.266666666666626639e+00
1.333333333333293069e+00
1.399999999999959499e+00
1.466666666666625929e+00
1.533333333333292359e+00
1.599999999999958789e+00
1.666666666666625218e+00
1.733333333333291648e+00
1.799999999999958078e+00
1.866666666666624508e+00
1.933333333333290938e+00
1.999999999999957367e+00
2.066666666666623797e+00
2.133333333333290227e+00
2.199999999999956657e+00
2.266666666666623087e+00
2.333333333333289517e+00
2.399999999999955946e+00
2.466666666666622376e+00
2.533333333333288806e+00
2.599999999999955236e+00
2.666666666666621666e+00
2.733333333333288095e+00
2.799999999999954525e+00
2.866666666666620955e+00
2.933333333333287385e+00
2.999999999999953815e+00
3.066666666666620245e+00
3.133333333333286674e+00
3.199999999999953104e+00
3.266666666666619534e+00
3.333333333333285964e+00
3.399999999999952394e+00
3.466666666666618823e+00
3.533333333333285253e+00
3.599999999999951683e+00
3.666666666666618113e+00
3.733333333333284543e+00
3.799999999999950973e+00
3.866666666666617402e+00
3.933333333333283832e+00
3.999999999999950262e+00
4.066666666666616692e+00
4.133333333333283122e+00
4.199999999999949551e+00
4.266666666666615981e+00
4.333333333333282411e+00
4.399999999999948841e+00
4.466666666666615271e+00
4.533333333333281701e+00
4.599999999999948130e+00
4.666666666666614560e+00
4.733333333333280990e+00
4.799999999999947420e+00
4.866666666666613850e+00
4.933333333333280279e+00
4.999999999999946709e+00
5.066666666666613139e+00
5.133333333333279569e+00
5.199999999999945999e+00
5.266666666666612429e+00
5.333333333333278858e+00
5.399999999999945288e+00
5.466666666666611718e+00
5.533333333333278148e+00
5.599999999999944578e+00
5.666666666666611007e+00
5.733333333333277437e+00
5.799999999999943867e+00
5.866666666666610297e+00
5.933333333333276727e+00
5.999999999999943157e+00
6.066666666666609586e+00
6.133333333333276016e+00
6.199999999999942446e+00
6.266666666666608876e+00
6.333333333333275306e+00
6.399999999999941735e+00
6.466666666666608165e+00
6.533333333333274595e+00
6.599999999999941025e+00
6.666666666666607455e+00
6.733333333333273885e+00
6.799999999999940314e+00
6.866666666666606744e+00
6.933333333333273174e+00
6.999999999999939604e+00
7.066666666666606034e+00
7.133333333333272464e+00
7.199999999999938893e+00
7.266666666666605323e+00
7.333333333333271753e+00
7.399999999999938183e+00
7.466666666666604613e+00
7.533333333333271042e+00
7.599999999999937472e+00
7.666666666666603902e+00
7.733333333333270332e+00
7.799999999999936762e+00
7.866666666666603192e+00
7.933333333333269621e+00
7.999999999999936051e+00
8.066666666666602481e+00
8.133333333333268911e+00
8.199999999999935341e+00
8.266666666666601770e+00
8.333333333333268200e+00
8.399999999999934630e+00
8.466666666666601060e+00
8.533333333333267490e+00
8.599999999999933920e+00
8.666666666666600349e+00
8.733333333333266779e+00
8.799999999999933209e+00
8.866666666666599639e+00
8.933333333333266069e+00
8.999999999999932498e+00
9.066666666666598928e+00
9.133333333333265358e+00
9.199999999999931788e+00
9.266666666666598218e+00
9.333333333333264648e+00
9.399999999999931077e+00
9.466666666666597507e+00
9.533333333333263937e+00
9.599999999999930367e+00
9.666666666666596797e+00
9.733333333333263226e+00
9.799999999999929656e+00
9.866666666666596086e+00
9.933333333333262516e+00
9.999999999999928946e+00
