-9.9961079
-9.8962931
-9.7962216
-9.6961576
-9.5964161
-9.4963509
-9.3962804
-9.2965413
-9.196481
-9.0964195
-8.9966555
-8.896619
-8.7965647
-8.6968014
-8.5967049
-8.4966284
-8.3968941
-8.2968375
-8.1967922
-8.096998
-7.9969426
-7.8969058
-7.7971356
-7.6971148
-7.5970381
-7.4969851
-7.3971649
-7.2970881
-7.1970339
-7.0972934
-6.9972266
-6.8971574
-6.7974006
-6.6973624
-6.5973018
-6.4975335
-6.3974928
-6.2974371
-6.1976604
-6.0975651
-5.9974871
-5.8977489
-5.7976944
-5.6976537
-5.5978508
-5.4977876
-5.3977617
-5.2979786
-5.1979665
-5.0978822
-4.9978974
-4.8980782
-4.7979977
-4.6979395
-4.598201
-4.4981403
-4.3980694
-4.2983075
-4.198268
-4.0982096
-3.9984402
-3.8984019
-3.7983421
-3.6985478
-3.5984572
-3.4983763
-3.398643
-3.2985848
-3.1985474
-3.0987444
-2.9986824
-2.8986525
-2.7988707
-2.6988483
-2.5987713
-2.4987613
-2.3989383
-2.2988613
-2.1988041
-2.0990681
-1.9989973
-1.8989262
-1.7991692
-1.6991268
-1.599066
-1.4992975
-1.3992554
-1.2991967
-1.1994756
-1.0993787
-0.9993093
-0.89957564
-0.7995156
-0.69947229
-0.59967162
-0.49960734
-0.39957522
-0.29979362
-0.19977443
-0.099698383
0.000349782
0.10017521
0.20025048
0.30030982
0.40005056
0.50011902
0.60018703
0.69994955
0.79999182
0.90005243
0.99982133
1.0998646
1.1999223
1.2996505
1.3997478
1.499825
1.5995586
1.6996147
1.7996622
1.8994605
1.9995192
2.0995466
2.1993336
2.2993489
2.3994248
2.4991796
2.5992433
2.6993217
2.7990742
2.8991191
2.9991828
3.0989439
3.1990099
3.2990536
3.3988047
3.4988771
3.5989196
3.6986719
3.7987169
3.8988117
3.9985889
4.0986152
4.1986778
4.2984137
4.3985184
4.4985858
4.5983057
4.6983894
4.798407
4.8981719
4.998238
5.0983638
5.1981374
5.2981923
5.3982335
5.4979936
5.598061
5.6981322
5.7978622
5.8979245
5.9979957
6.0977357
6.1977892
6.2978442
6.3976353
6.4977074
6.597745
6.6974937
6.7975362
6.897641
6.9974007
7.0974283
7.1975083
7.2972232
7.3972894
7.4973582
7.5971739
7.6972502
7.7973064
7.8970438
7.9971101
8.0971762
8.1969299
8.2969761
8.3970347
8.4967947
8.5968407
8.6968868
8.7966901
8.8967826
8.9968449
9.0965848
9.1966336
9.2966785
9.3964819
9.4965407
9.5965683
9.6963369
9.796362
9.8964281
9.996493
