-9.9999939
-9.933134
-9.8665408
-9.7999831
-9.7330744
-9.6665373
-9.5999361
-9.5331045
-9.4665027
-9.3999062
-9.3330342
-9.2664752
-9.1999175
-9.1330592
-9.0665153
-8.9999053
-8.933347
-8.8664458
-8.7998842
-8.7333321
-8.6664296
-8.5998601
-8.5333036
-8.4664033
-8.3998625
-8.33326
-8.2663885
-8.1997966
-8.1332299
-8.0663635
-7.9998002
-7.9332486
-7.8663865
-7.7997939
-7.7332447
-7.6666665
-7.5997687
-7.5332096
-7.4666613
-7.3997598
-7.3331981
-7.2666398
-7.1997296
-7.1331875
-7.0665923
-6.9997255
-6.9331311
-6.8665621
-6.7997377
-6.7331396
-6.6665716
-6.6000159
-6.5331267
-6.4665662
-6.3999643
-6.3330926
-6.2665383
-6.1999664
-6.1330724
-6.0665057
-5.9999051
-5.933057
-5.8664863
-5.7998983
-5.7330278
-5.6664334
-5.5998617
-5.5333036
-5.4664378
-5.3998672
-5.3333128
-5.2664234
-5.199864
-5.1332634
-5.0664004
-4.9998734
-4.9332678
-4.8663673
-4.7998094
-4.7332025
-4.6663618
-4.5997662
-4.533244
-4.4666386
-4.3997329
-4.3331661
-4.2666068
-4.1997397
-4.1331827
-4.0666146
-3.9997289
-3.9331708
-3.8665738
-3.7997043
-3.7331549
-3.6665605
-3.5996849
-3.5331278
-3.4665309
-3.3996815
-3.3330836
-3.2665215
-3.1999295
-3.1330526
-3.0664869
-2.9999275
-2.9330567
-2.8665046
-2.7999166
-2.7330931
-2.6664887
-2.5998931
-2.5330236
-2.4664863
-2.399897
-2.333025
-2.2664681
-2.1998662
-2.133319
-2.0664222
-1.9998564
-1.9332606
-1.8663824
-1.7998166
-1.733262
-1.6663913
-1.5998367
-1.5332521
-1.4663863
-1.3997883
-1.3332186
-1.2663577
-1.1998591
-1.1332661
-1.0667028
-0.99979304
-0.93328835
-0.86668253
-0.79978323
-0.73322158
-0.66662142
-0.59974515
-0.53318498
-0.46666511
-0.39975376
-0.33319588
-0.26661529
-0.19974705
-0.13314887
-0.06658888
0.000254184
0.066859094
0.13345587
0.20001495
0.26692102
0.33346295
0.40005964
0.46693353
0.53349138
0.60009023
0.66696537
0.73352572
0.80008824
0.86664386
0.93351589
1.0000971
1.0666567
1.1335639
1.2001123
1.2666783
1.3335379
1.40014
1.466702
1.5336065
1.6001526
1.6667457
1.7333091
1.8001702
1.8667746
1.9333466
2.0002065
2.0667748
2.1333257
2.2002152
2.2667826
2.3333397
2.4002466
2.4668025
2.5333001
2.5998932
2.6667604
2.7333252
2.7999196
2.8667757
2.9333663
2.9999249
3.0668295
3.1334015
3.1999711
3.266831
3.3333905
3.3999515
3.4665324
3.533397
3.5999531
3.6665599
3.7334172
3.7999732
3.8665713
3.933435
4.0000345
4.0665318
4.1334427
4.2000374
4.2665945
4.3332003
4.4000785
4.4666383
4.5332042
4.6000613
4.6666225
4.7332059
4.8000767
4.8666664
4.9332236
5.0000982
5.0666729
5.1332685
5.1998246
5.2667267
5.33328
5.3998646
5.4667447
5.5332967
5.5998926
5.6667798
5.7333307
5.799893
5.8667165
5.933321
5.9999045
6.0664566
6.1333663
6.1999234
6.2664929
6.3333515
6.3999537
6.466512
6.5334142
6.5999663
6.6665547
6.7331146
6.7999866
6.8665875
6.9331584
7.000018
7.066579
7.1331327
7.200026
7.2665918
7.3331451
7.4000461
7.4665961
7.5331655
7.5997588
7.6666225
7.7331933
7.7997867
7.8666278
7.9332284
7.9997797
8.0666878
8.1332276
8.1998298
8.2666832
8.3332404
8.3998101
8.4663908
8.5332582
8.5998093
8.6664086
8.7332745
8.799859
8.8664563
8.9333235
8.9999179
9.0664814
9.1333263
9.1999207
9.2664792
9.3330788
9.3999521
9.4665045
9.533074
9.5999289
9.6664912
9.7330606
9.799928
9.8665363
9.9330448
9.9999582
