-9.9002115
-9.8340013
-9.7681228
-9.7022276
-9.6360398
-9.5701576
-9.5039474
-9.4380366
-9.3721486
-9.305947
-9.2400549
-9.174177
-9.1079743
-9.0420759
-8.9762516
-8.9100246
-8.8441194
-8.7782165
-8.7120255
-8.6460979
-8.5801777
-8.5139905
-8.4480938
-8.3819196
-8.3160249
-8.2501172
-8.1839138
-8.1180494
-8.0521254
-7.9859283
-7.9200589
-7.8541699
-7.7879615
-7.7220983
-7.6562074
-7.5899969
-7.5241053
-7.4578794
-7.3919578
-7.3260436
-7.2598899
-7.1939547
-7.1280788
-7.061877
-6.9959789
-6.9300781
-6.8638739
-6.7979871
-6.7320924
-6.665918
-6.6000233
-6.5341153
-6.4679483
-6.4020761
-6.3358418
-6.26995
-6.2040354
-6.1378039
-6.0718884
-6.006
-5.9398056
-5.8739371
-5.8080477
-5.7418321
-5.6759375
-5.6100344
-5.5438735
-5.4779415
-5.4120781
-5.3458735
-5.2799691
-5.2137995
-5.1478912
-5.0820018
-5.0158036
-4.9499463
-4.884022
-4.8178074
-4.751913
-4.6860186
-4.6198501
-4.5539567
-4.4880535
-4.4218526
-4.3559407
-4.2900476
-4.2238591
-4.1579931
-4.0917859
-4.0258791
-3.9600245
-3.8938111
-3.8279151
-3.7620244
-3.6957862
-3.6298531
-3.5639498
-3.4977512
-3.4319128
-3.3659896
-3.2997801
-3.2338804
-3.1676807
-3.10178
-3.0358816
-2.9696809
-2.9038173
-2.8379214
-2.7717058
-2.7058521
-2.639945
-2.5737841
-2.5078545
-2.441971
-2.3757366
-2.3098357
-2.2439412
-2.1777539
-2.1118692
-2.0456734
-1.9797623
-1.9138677
-1.8476619
-1.7817648
-1.7159348
-1.6497029
-1.583807
-1.517896
-1.4517362
-1.3858304
-1.3199293
-1.2537346
-1.1878798
-1.1219454
-1.0557357
-0.98983911
-0.923658
-0.85780181
-0.79187507
-0.72566175
-0.6597636
-0.59386302
-0.52766053
-0.46179199
-0.39590525
-0.32970468
-0.26379086
-0.19793835
-0.13172626
-0.065827847
0.000353116
0.066276601
0.13221056
0.19842161
0.26431071
0.33018811
0.39638689
0.46227678
0.52818106
0.59438584
0.66028702
0.72617902
0.79235743
0.85824854
0.9241409
0.99035562
1.0562133
1.1221169
1.1883202
1.2541633
1.3200843
1.3863266
1.4522299
1.5181246
1.5842996
1.6501942
1.716394
1.7822961
1.8481923
1.9144058
1.9802942
2.0461667
2.1123291
2.1782536
2.2441661
2.3103248
2.3762281
2.4421216
2.5082927
2.5741776
2.6401097
2.7063193
2.7722168
2.8380842
2.9042864
2.9701552
3.0360809
3.1022833
3.1681867
3.2343827
3.3002465
3.3661463
3.432346
3.498247
3.564108
3.6303192
3.6962153
3.7620962
3.8282949
3.8942234
3.9601268
4.0263279
4.0921928
4.1580937
4.2243037
4.2901946
4.3560882
4.422298
4.4881927
4.5540614
4.6202639
4.6861399
4.7523609
4.818217
4.8841231
4.9503255
5.016255
5.0821859
5.1483784
5.2142805
5.2801766
5.3463476
5.4122449
5.4781563
5.5443435
5.6102421
5.6761457
5.7423441
5.8082067
5.8741102
5.940285
6.0062111
6.0720671
6.1382721
6.204168
6.2703615
6.3362925
6.4021837
6.4683847
6.5342821
6.6001593
6.666348
6.7322592
6.7981127
6.8643475
6.9302535
6.9961444
7.062312
7.1282041
7.1941203
7.2603101
7.3261662
7.3920711
7.4582724
7.5241919
7.5901277
7.6563066
7.7222237
7.7881199
7.8542946
7.920187
7.9863958
8.0522917
8.118184
8.1843914
8.2502873
8.316151
8.382347
8.4482617
8.5140758
8.5802992
8.6462102
8.7121111
8.7783357
8.8442731
8.9101777
8.9763701
9.0422686
9.1081384
9.1743296
9.2402282
9.3061365
9.3723015
9.4382177
9.5044187
9.57028
9.6361696
9.7023844
9.768247
9.8341342
9.9003428
