-9.9001082
-9.8341644
-9.7682212
-9.7019189
-9.6359825
-9.5699995
-9.504047
-9.4380627
-9.3721075
-9.306145
-9.240203
-9.1739454
-9.107998
-9.0420311
-8.976086
-8.9101317
-8.8441406
-8.7781891
-8.7119496
-8.6459597
-8.5800146
-8.5140328
-8.4480738
-8.3821456
-8.3161569
-8.2499018
-8.1839163
-8.1179597
-8.0520022
-7.986059
-7.9201037
-7.8541637
-7.7881918
-7.7219327
-7.6559509
-7.589982
-7.5240442
-7.4581035
-7.3921197
-7.3261718
-7.2598762
-7.1939248
-7.1279941
-7.0620028
-6.9960586
-6.9300582
-6.864103
-6.7978875
-6.7318932
-6.6659478
-6.6000009
-6.5340281
-6.4680815
-6.4020948
-6.3361332
-6.2698803
-6.2039296
-6.1379433
-6.0719967
-6.0060062
-5.9401131
-5.8741201
-5.8078248
-5.7418769
-5.6758877
-5.6099273
-5.5439819
-5.478025
-5.4120819
-5.346135
-5.2798533
-5.2139078
-5.1479198
-5.0819582
-5.0160115
-4.9500596
-4.8840755
-4.8178186
-4.7518309
-4.6859377
-4.6199434
-4.5539567
-4.4880124
-4.4220195
-4.3557602
-4.2898073
-4.2238541
-4.1579072
-4.091954
-4.0259812
-3.9600394
-3.8940477
-3.8278329
-3.7618364
-3.6958982
-3.6299141
-3.5639622
-3.4979779
-3.4320436
-3.3657816
-3.2998013
-3.2338481
-3.1678551
-3.1019008
-3.0359489
-2.9700407
-2.9037426
-2.8377932
-2.771824
-2.7058745
-2.6398828
-2.5739422
-2.5079815
-2.4420632
-2.3757702
-2.3098195
-2.2438329
-2.1778996
-2.1119389
-2.0459585
-1.9800064
-1.9137171
-1.8477553
-1.7818084
-1.715895
-1.6498996
-1.5839539
-1.5179844
-1.4517238
-1.385742
-1.3197911
-1.2538342
-1.1879482
-1.1219641
-1.0560122
-0.990022
-0.9237808
-0.8578354
-0.79184247
-0.72589043
-0.65990656
-0.59394078
-0.52799397
-0.46174148
-0.39578406
-0.32983719
-0.26386663
-0.19791409
-0.1319272
-0.06597724
0.000256113
0.066248471
0.13223445
0.1981826
0.26417198
0.33010699
0.39608941
0.46204772
0.5283005
0.59428854
0.66025355
0.72619744
0.79214915
0.85810534
0.92405057
0.99002342
1.0562731
1.1222647
1.188213
1.2541172
1.3201105
1.3860987
1.4520456
1.518035
1.5842697
1.6502552
1.7162147
1.7821579
1.8481487
1.9141094
1.9800564
2.0463111
2.1122183
2.1782138
2.2441848
2.3101293
2.3761223
2.4420718
2.5079552
2.5742162
2.6402006
2.7061488
2.7721383
2.8380668
2.9040523
2.9700145
3.0359576
3.1022497
3.1682079
3.2341561
3.3001083
3.3660143
3.4320123
3.4979781
3.5639262
3.6302221
3.6961692
3.7621087
3.828067
3.8940516
3.9599998
4.0259842
4.0922177
4.158207
4.224117
4.2901075
4.3560969
4.4220528
4.4880047
4.5539493
4.6202042
4.6861598
4.7521256
4.8180763
4.8840671
4.9500129
5.0159798
5.0819319
5.148229
5.2141759
5.2801604
5.3460949
5.4120793
5.4780218
5.5439787
5.6099619
5.6762279
5.7421835
5.8081332
5.8740853
5.940036
6.0060069
6.071955
6.1382384
6.2041904
6.2701523
6.3360958
6.4020966
6.4680373
6.5340218
6.5999625
6.6662435
6.7321994
6.7981563
6.8641409
6.9300978
6.9960448
7.0619932
7.1279414
7.1941776
7.260162
7.3261151
7.3921047
7.4580532
7.5240039
7.5899771
7.6559344
7.7221826
7.7881734
7.8541066
7.9200936
7.9860471
8.0519953
8.1179761
8.184252
8.2501927
8.3161448
8.3820892
8.4480575
8.5140198
8.5799605
8.6459437
8.7122045
8.7781776
8.8441598
8.910098
8.9760538
9.042037
9.1079603
9.1739474
9.2402095
9.3061515
9.3721422
9.4381032
9.5040501
9.570006
9.635948
9.7022313
9.7681785
9.8341192
9.9001112
