-9.900000000000000355e+00
-9.833999999999999631e+00
-9.767999999999998906e+00
-9.701999999999998181e+00
-9.635999999999997456e+00
-9.569999999999996732e+00
-9.503999999999996007e+00
-9.437999999999995282e+00
-9.371999999999994557e+00
-9.305999999999993832e+00
-9.239999999999993108e+00
-9.173999999999992383e+00
-9.107999999999991658e+00
-9.041999999999990933e+00
-8.975999999999990209e+00
-8.909999999999989484e+00
-8.843999999999988759e+00
-8.777999999999988034e+00
-8.711999999999987310e+00
-8.645999999999986585e+00
-8.579999999999985860e+00
-8.513999999999985135e+00
-8.447999999999984411e+00
-8.381999999999983686e+00
-8.315999999999982961e+00
-8.249999999999982236e+00
-8.183999999999981512e+00
-8.117999999999980787e+00
-8.051999999999980062e+00
-7.985999999999979337e+00
-7.919999999999978613e+00
-7.853999999999977888e+00
-7.787999999999977163e+00
-7.721999999999976438e+00
-7.655999999999975714e+00
-7.589999999999974989e+00
-7.523999999999974264e+00
-7.457999999999973539e+00
-7.391999999999972815e+00
-7.325999999999972090e+00
-7.259999999999971365e+00
-7.193999999999970640e+00
-7.127999999999969916e+00
-7.061999999999969191e+00
-6.995999999999968466e+00
-6.929999999999967741e+00
-6.863999999999967017e+00
-6.797999999999966292e+00
-6.731999999999965567e+00
-6.665999999999964842e+00
-6.599999999999964118e+00
-6.533999999999963393e+00
-6.467999999999962668e+00
-6.401999999999961943e+00
-6.335999999999961219e+00
-6.269999999999960494e+00
-6.203999999999959769e+00
-6.137999999999959044e+00
-6.071999999999958320e+00
-6.005999999999957595e+00
-5.939999999999956870e+00
-5.873999999999956145e+00
-5.807999999999955421e+00
-5.741999999999954696e+00
-5.675999999999953971e+00
-5.609999999999953246e+00
-5.543999999999952522e+00
-5.477999999999951797e+00
-5.411999999999951072e+00
-5.345999999999950347e+00
-5.279999999999949623e+00
-5.213999999999948898e+00
-5.147999999999948173e+00
-5.081999999999947448e+00
-5.015999999999946724e+00
-4.949999999999945999e+00
-4.883999999999945274e+00
-4.817999999999944549e+00
-4.751999999999943824e+00
-4.685999999999943100e+00
-4.619999999999942375e+00
-4.553999999999941650e+00
-4.487999999999940925e+00
-4.421999999999940201e+00
-4.355999999999939476e+00
-4.289999999999938751e+00
-4.223999999999938026e+00
-4.157999999999937302e+00
-4.091999999999936577e+00
-4.025999999999935852e+00
-3.959999999999935127e+00
-3.893999999999934403e+00
-3.827999999999933678e+00
-3.761999999999932953e+00
-3.695999999999932228e+00
-3.629999999999931504e+00
-3.563999999999930779e+00
-3.497999999999930054e+00
-3.431999999999929329e+00
-3.365999999999928605e+00
-3.299999999999927880e+00
-3.233999999999927155e+00
-3.167999999999926430e+00
-3.101999999999925706e+00
-3.035999999999924981e+00
-2.969999999999924256e+00
-2.903999999999923531e+00
-2.837999999999922807e+00
-2.771999999999922082e+00
-2.705999999999921357e+00
-2.639999999999920632e+00
-2.573999999999919908e+00
-2.507999999999919183e+00
-2.441999999999918458e+00
-2.375999999999917733e+00
-2.309999999999917009e+00
-2.243999999999916284e+00
-2.177999999999915559e+00
-2.111999999999914834e+00
-2.045999999999914110e+00
-1.979999999999913385e+00
-1.913999999999912660e+00
-1.847999999999911935e+00
-1.781999999999911211e+00
-1.715999999999910486e+00
-1.649999999999909761e+00
-1.583999999999909036e+00
-1.517999999999908312e+00
-1.451999999999907587e+00
-1.385999999999906862e+00
-1.319999999999906137e+00
-1.253999999999905413e+00
-1.187999999999904688e+00
-1.121999999999903963e+00
-1.055999999999903238e+00
-9.899999999999025135e-01
-9.239999999999017888e-01
-8.579999999999010640e-01
-7.919999999999003393e-01
-7.259999999998996145e-01
-6.599999999998988898e-01
-5.939999999998981650e-01
-5.279999999998974403e-01
-4.619999999998967155e-01
-3.959999999998959908e-01
-3.299999999998952660e-01
-2.639999999998945412e-01
-1.979999999998938165e-01
-1.319999999998930917e-01
-6.599999999989236699e-02
1.083577672034152783e-13
6.600000000010908252e-02
1.320000000001098073e-01
1.980000000001105320e-01
2.640000000001112568e-01
3.300000000001119815e-01
3.960000000001127063e-01
4.620000000001134310e-01
5.280000000001141558e-01
5.940000000001148805e-01
6.600000000001156053e-01
7.260000000001163301e-01
7.920000000001170548e-01
8.580000000001177796e-01
9.240000000001185043e-01
9.900000000001192291e-01
1.056000000000119954e+00
1.122000000000120679e+00
1.188000000000121403e+00
1.254000000000122128e+00
1.320000000000122853e+00
1.386000000000123578e+00
1.452000000000124302e+00
1.518000000000125027e+00
1.584000000000125752e+00
1.650000000000126477e+00
1.716000000000127201e+00
1.782000000000127926e+00
1.848000000000128651e+00
1.914000000000129376e+00
1.980000000000130100e+00
2.046000000000130825e+00
2.112000000000131550e+00
2.178000000000132275e+00
2.244000000000132999e+00
2.310000000000133724e+00
2.376000000000134449e+00
2.442000000000135174e+00
2.508000000000135898e+00
2.574000000000136623e+00
2.640000000000137348e+00
2.706000000000138073e+00
2.772000000000138797e+00
2.838000000000139522e+00
2.904000000000140247e+00
2.970000000000140972e+00
3.036000000000141696e+00
3.102000000000142421e+00
3.168000000000143146e+00
3.234000000000143871e+00
3.300000000000144595e+00
3.366000000000145320e+00
3.432000000000146045e+00
3.498000000000146770e+00
3.564000000000147494e+00
3.630000000000148219e+00
3.696000000000148944e+00
3.762000000000149669e+00
3.828000000000150393e+00
3.894000000000151118e+00
3.960000000000151843e+00
4.026000000000152568e+00
4.092000000000153292e+00
4.158000000000154017e+00
4.224000000000154742e+00
4.290000000000155467e+00
4.356000000000156192e+00
4.422000000000156916e+00
4.488000000000157641e+00
4.554000000000158366e+00
4.620000000000159091e+00
4.686000000000159815e+00
4.752000000000160540e+00
4.818000000000161265e+00
4.884000000000161990e+00
4.950000000000162714e+00
5.016000000000163439e+00
5.082000000000164164e+00
5.148000000000164889e+00
5.214000000000165613e+00
5.280000000000166338e+00
5.346000000000167063e+00
5.412000000000167788e+00
5.478000000000168512e+00
5.544000000000169237e+00
5.610000000000169962e+00
5.676000000000170687e+00
5.742000000000171411e+00
5.808000000000172136e+00
5.874000000000172861e+00
5.940000000000173586e+00
6.006000000000174310e+00
6.072000000000175035e+00
6.138000000000173983e+00
6.204000000000176485e+00
6.270000000000178986e+00
6.336000000000177934e+00
6.402000000000176883e+00
6.468000000000179384e+00
6.534000000000181885e+00
6.600000000000180833e+00
6.666000000000179782e+00
6.732000000000182283e+00
6.798000000000184784e+00
6.864000000000183732e+00
6.930000000000182681e+00
6.996000000000185182e+00
7.062000000000187683e+00
7.128000000000186631e+00
7.194000000000185580e+00
7.260000000000188081e+00
7.326000000000190582e+00
7.392000000000189530e+00
7.458000000000188479e+00
7.524000000000190980e+00
7.590000000000193481e+00
7.656000000000192429e+00
7.722000000000191378e+00
7.788000000000193879e+00
7.854000000000196380e+00
7.920000000000195328e+00
7.986000000000194277e+00
8.052000000000196778e+00
8.118000000000199279e+00
8.184000000000198227e+00
8.250000000000197176e+00
8.316000000000199677e+00
8.382000000000202178e+00
8.448000000000201126e+00
8.514000000000200075e+00
8.580000000000202576e+00
8.646000000000205077e+00
8.712000000000204025e+00
8.778000000000202974e+00
8.844000000000205475e+00
8.910000000000207976e+00
8.976000000000206924e+00
9.042000000000205873e+00
9.108000000000208374e+00
9.174000000000210875e+00
9.240000000000209823e+00
9.306000000000208772e+00
9.372000000000211273e+00
9.438000000000213774e+00
9.504000000000212722e+00
9.570000000000211671e+00
9.636000000000214172e+00
9.702000000000216673e+00
9.768000000000215621e+00
9.834000000000214570e+00
9.900000000000217071e+00
