-9.9961278
-9.8963068
-9.7962316
-9.6961801
-9.5964348
-9.496377
-9.3963028
-9.2965475
-9.1965146
-9.0964556
-8.9966917
-8.8966426
-8.7965921
-8.6968287
-8.5967298
-8.4966546
-8.396924
-8.2968612
-8.1968195
-8.0970291
-7.9969675
-7.8969344
-7.7971605
-7.6971322
-7.597058
-7.4969988
-7.3971824
-7.2971018
-7.1970439
-7.0973096
-6.9972477
-6.8971748
-6.7974218
-6.6973786
-6.5977338
-6.4976057
-6.3975114
-6.2974546
-6.1976703
-6.0975726
-5.9977025
-5.8977751
-5.7978986
-5.6976687
-5.5978683
-5.4978063
-5.3977754
-5.2979948
-5.1979752
-5.0979009
-4.9979011
-4.8980857
-4.7980064
-4.6979494
-4.5982073
-4.4981478
-4.3980956
-4.2983163
-4.1982779
-4.0982195
-3.9984502
-3.8984081
-3.7983508
-3.6985628
-3.598461
-3.498385
-3.3986555
-3.298596
-3.1985537
-3.0987531
-2.9986886
-2.8986575
-2.7988819
-2.698862
-2.598785
-2.498765
-2.3990541
-2.2992834
-2.1991478
-2.0991951
-1.999001
-1.8989362
-1.7991754
-1.6991368
-1.5990735
-1.4993062
-1.3992616
-1.2992067
-1.1994843
-1.0993887
-0.99930606
-0.89995363
-0.79951598
-0.69947366
-0.59967348
-0.49961108
-0.39957994
-0.30002964
-0.19978189
-0.099704529
0.000341036
0.10016265
0.20023965
0.30029738
0.4000365
0.50010384
0.60017098
0.69968441
0.79997365
0.90003377
0.99979943
1.0998423
1.1999003
1.2996431
1.3997416
1.49982
1.5995512
1.6996109
1.799656
1.8992937
1.9994968
2.0995479
2.1990734
2.2993427
2.3994149
2.4991771
2.5992371
2.6993143
2.7990654
2.8991129
2.9991803
3.0989414
3.1990036
3.2990462
3.3988047
3.4988721
3.5989159
3.6986645
3.7987156
3.8988092
3.998584
4.0986164
4.1986765
4.2984162
4.3985209
4.4985833
4.5983032
4.6983932
4.7984057
4.8981719
4.998238
5.0983663
5.1981287
5.2981886
5.3982323
5.4979936
5.5980547
5.6981234
5.7978684
5.8979208
5.9979932
6.0977282
6.1977905
6.297838
6.3976303
6.4977086
6.5977425
6.6974887
6.7975399
6.897641
6.9973957
7.0974308
7.1975071
7.2972219
7.3972944
7.4973594
7.5971801
7.6972576
7.7973101
7.8970426
7.9971076
8.0971662
8.1969311
8.2969673
8.397026
8.4964921
8.5968382
8.6968831
8.7966827
8.8967876
8.9968636
9.0965873
9.1966386
9.2966437
9.3964906
9.496542
9.5965721
9.6963443
9.796362
9.8964268
9.996488
