-9.9960581
-9.8001363
-9.600337
-9.4002162
-9.200113
-9.0002926
-8.8001843
-8.6000232
-8.4002211
-8.2000843
-8.0002622
-7.80015
-7.6000638
-7.4001844
-7.2000471
-6.9999397
-6.800115
-6.6000221
-6.4002495
-6.2000734
-5.9998951
-5.8001137
-5.5999676
-5.3998709
-5.2000794
-4.9999419
-4.8001144
-4.6000164
-4.3998798
-4.2000809
-3.9999493
-3.7998537
-3.5999614
-3.3998533
-3.2000553
-2.9998877
-2.7997734
-2.599984
-2.3998385
-2.1997081
-1.9999025
-1.7997718
-1.5999762
-1.3998617
-1.1997757
-0.99990564
-0.79980998
-0.59966266
-0.39987283
-0.19976908
0.000351151
0.20024973
0.40035202
0.60018105
0.80028943
1.0004196
1.2002032
1.4003579
1.6001613
1.8002648
2.0004369
2.2002351
2.4003301
2.600151
2.8002819
3.0003893
3.2002226
3.4003151
3.6001211
3.8002222
4.0003969
4.2001869
4.4003301
4.6001124
4.8002149
5.0003522
5.2002479
5.4003465
5.600174
5.8002702
6.000405
6.2002023
6.4003546
6.6004631
6.8002967
7.0004152
7.2002252
7.4003188
7.6005108
7.8003308
8.0004508
8.2002668
8.4003604
8.6004642
8.8003147
9.0004882
9.2002756
9.4004115
9.6004967
9.8002841
9.9964544
-9.9960817
-9.80015
-9.6003594
-9.4002324
-9.2001305
-9.0002951
-8.8002005
-8.6000381
-8.4002448
-8.2001067
-8.0002833
-7.8001724
-7.6000837
-7.4001918
-7.2000571
-6.9999509
-6.8001337
-6.6000308
-6.4002607
-6.2000797
-5.9999101
-5.8001174
-5.59998
-5.3998834
-5.2000919
-4.9999444
-4.8001244
-4.6000152
-4.3998861
-4.2000896
-3.999953
-3.7998587
-3.5999701
-3.399857
-3.2000603
-2.9998889
-2.7997784
-2.5999915
-2.399841
-2.1997118
-1.9999075
-1.7997731
-1.5999787
-1.3998617
-1.1997782
-0.99990551
-0.79980911
-0.59966241
-0.39987295
-0.19977044
0.00035237
0.20024961
0.4003519
0.60018043
0.80028843
1.000419
1.2001982
1.4003566
1.6001638
1.8002648
2.0004294
2.2002351
2.4003313
2.600151
2.8002857
3.0003893
3.2002251
3.4003188
3.6001274
3.8002272
4.0004043
4.2001893
4.4003326
4.6001236
4.8002149
5.0003597
5.2002566
5.4003515
5.6001814
5.8002839
6.0004113
6.2001986
6.4003521
6.6004618
6.8002991
7.0004289
7.2002351
7.40032
7.6005084
7.8003333
8.0004396
8.2002606
8.4003567
8.6004692
8.8003097
9.000482
9.2002582
9.4004065
9.6004955
9.8002854
9.9964569
-9.9960718
-9.8001512
-9.6003482
-9.4002225
-9.2001168
-9.0002851
-8.8001917
-8.6000294
-8.4002248
-8.2000917
-8.0002684
-7.800165
-7.6000824
-7.4001918
-7.2000633
-6.9999459
-6.8001249
-6.600032
-6.4002532
-6.2000847
-5.9999063
-5.8001087
-5.5999688
-5.3998859
-5.2000794
-4.9999456
-4.8001144
-4.6000114
-4.3998798
-4.2000846
-3.9999568
-3.7998574
-3.5999688
-3.3998508
-3.2000553
-2.9998902
-2.7997771
-2.599989
-2.3998423
-2.1997056
-1.9999062
-1.7997681
-1.599975
-1.3998617
-1.1997782
-0.99990464
-0.79980936
-0.59966216
-0.3998722
-0.19977082
0.000351561
0.20025011
0.40035215
0.60017944
0.80028843
1.0004192
1.2002019
1.4003542
1.6001638
1.8002636
2.0004332
2.2002388
2.4003301
2.6001522
2.8002819
3.0003918
3.2002251
3.4003163
3.6001274
3.8002322
4.0004068
4.2001943
4.4003413
4.6001236
4.8002261
5.0003597
5.2002566
5.4003527
5.6001777
5.8002827
6.00041
6.2002023
6.4003559
6.6004606
6.8003016
7.0004289
7.2002351
7.400315
7.6005096
7.8003333
8.0004421
8.200273
8.4003654
8.6004729
8.8003209
9.0004882
9.2002818
9.4004227
9.6005042
9.8002891
9.9964694
