0.000349235
0.20024563
0.40004222
0.60017533
0.79997676
0.99980242
1.1999015
1.3997403
1.5995499
1.799646
1.9995143
2.1993199
2.3994161
2.5992308
2.799063
2.9991716
3.1989962
3.3987885
3.5989071
3.7987069
3.9985703
4.1986578
4.3985022
4.5982833
4.7983871
4.9982168
0.0003487
0.20024612
0.40004384
0.60017658
0.79997763
0.99980291
1.1999017
1.399744
1.5995512
1.799651
1.9995105
2.1993199
2.3994149
2.5992296
2.7990592
2.9991704
3.1989986
3.3987898
3.5989009
3.7987032
3.9985703
4.1986653
4.3985047
4.5982883
4.7983908
4.9982218
0.00035028
0.20024749
0.40004433
0.60017757
0.79997913
0.99980441
1.1999024
1.3997416
1.5995512
1.7996547
1.9995155
2.1993224
2.3994161
2.5992333
2.7990592
2.9991704
3.1989962
3.3987923
3.5989034
3.7987081
3.9985703
4.1986628
4.398501
4.598292
4.798392
4.998228
