0.000367013
0.20026566
0.40006312
0.60019586
0.79999729
0.99982382
1.1999207
1.3997665
1.5995723
1.7996747
1.9995354
2.1993461
2.3994348
2.5992545
2.7990829
2.9991977
3.1990223
3.3988159
3.5989321
3.7987293
3.9986014
4.1986927
4.3985284
4.5983256
4.7984232
4.9982517
0.000357247
0.2002572
0.40005491
0.60018864
0.79998958
0.9998171
1.1999155
1.3997602
1.5995686
1.7996684
1.9995304
2.1993411
2.3994361
2.5992557
2.7990866
2.9991953
3.1990273
3.3988184
3.5989308
3.7987331
3.9985964
4.1986865
4.3985346
4.5983219
4.7984207
4.9982542
0.00035604
0.20025421
0.4000508
0.60018553
0.79998672
0.99981399
1.1999135
1.3997565
1.5995636
1.7996684
1.9995317
2.1993436
2.3994348
2.5992507
2.7990816
2.9991953
3.1990223
3.3988134
3.5989246
3.7987268
3.9985902
4.1986927
4.3985358
4.5983182
4.7984219
4.9982554
