-9.9999727
-9.799962
-9.5999136
-9.39989
-9.1998951
-8.9998904
-8.7998643
-8.5998526
-8.3998525
-8.1997829
-7.9997865
-7.7997802
-7.599755
-7.3997436
-7.1997197
-6.9997118
-6.7997178
-6.5999997
-6.3999506
-6.1999489
-5.9998926
-5.7998871
-5.5998493
-5.3998585
-5.1998503
-4.9998647
-4.7997994
-4.5997574
-4.3997242
-4.1997323
-3.9997202
-3.7996943
-3.599675
-3.3996777
-3.1999196
-2.9999201
-2.7999104
-2.5998832
-2.3998883
-2.1998562
-1.9998502
-1.7998092
-1.5998343
-1.3997845
-1.1998566
-0.99978931
-0.79977862
-0.59974104
-0.39975127
-0.19974407
0.000258676
0.20001931
0.40006312
0.60009321
0.8000916
1.0001004
1.2001123
1.4001437
1.6001551
1.8001727
2.0002103
2.2002202
2.4002479
2.599897
2.7999208
2.9999286
3.1999661
3.3999527
3.599958
3.7999695
4.000032
4.2000449
4.4000785
4.6000651
4.800073
5.0001044
5.1998271
5.3998709
5.5998988
5.799893
5.9998983
6.1999184
6.3999549
6.59996
6.7999791
7.0000142
7.200021
7.4000411
7.5997613
7.7997817
7.9997871
8.199831
8.3998188
8.5998155
8.7998602
8.9999117
9.199927
9.3999595
9.5999327
9.799933
9.999952
-9.9999889
-9.7999645
-9.5999261
-9.3999025
-9.1999113
-8.9998991
-8.7998805
-8.5998601
-8.3998575
-8.1998016
-7.9998052
-7.7997939
-7.5997637
-7.399756
-7.1997209
-6.9997118
-6.7997228
-6.6000046
-6.3999618
-6.1999576
-5.9999038
-5.7998921
-5.5998605
-5.3998697
-5.1998541
-4.9998684
-4.7998006
-4.5997537
-4.3997279
-4.1997323
-3.9997189
-3.7996956
-3.5996725
-3.3996715
-3.1999183
-2.9999201
-2.7999079
-2.5998819
-2.3998858
-2.1998587
-1.9998489
-1.7998067
-1.5998318
-1.3997833
-1.1998554
-0.99978868
-0.79977701
-0.59974054
-0.3997499
-0.19974419
0.000258701
0.20001819
0.40006362
0.60009508
0.80009148
1.0001013
1.200111
1.4001475
1.6001551
1.8001715
2.0002078
2.2002202
2.4002466
2.5998957
2.7999208
2.9999299
3.1999711
3.3999527
3.5999543
3.7999707
4.0000283
4.2000412
4.4000773
4.6000638
4.8000667
5.0001019
5.1998271
5.3998696
5.5998975
5.7998892
5.9998983
6.1999147
6.3999512
6.5999613
6.7999866
7.0000105
7.2000172
7.4000411
7.5997526
7.799783
7.9997884
8.199831
8.3997976
8.5997993
8.7998503
8.9999042
9.1999133
9.3999459
9.5999302
9.7999255
9.9999545
-9.9999877
-9.799962
-9.5999211
-9.3998838
-9.1999014
-8.9998891
-8.7998655
-8.5998489
-8.3998388
-8.1997805
-7.9997878
-7.7997815
-7.5997574
-7.3997411
-7.1997172
-6.9997056
-6.7997103
-6.5999959
-6.3999494
-6.1999464
-5.9998839
-5.7998834
-5.5998493
-5.3998597
-5.1998566
-4.9998622
-4.7998006
-4.5997512
-4.3997192
-4.199731
-3.9997189
-3.7996931
-3.5996687
-3.399674
-3.1999146
-2.9999163
-2.7999054
-2.5998782
-2.3998871
-2.199855
-1.9998477
-1.7998079
-1.5998318
-1.3997783
-1.1998529
-0.99978756
-0.79977651
-0.59973955
-0.39974878
-0.19974245
0.000259497
0.20001856
0.40006325
0.60009309
0.80009036
1.0000986
1.200116
1.4001437
1.6001563
1.8001752
2.0002078
2.2002139
2.4002454
2.5998932
2.7999146
2.9999274
3.1999649
3.3999478
3.5999531
3.7999707
4.0000358
4.2000412
4.4000736
4.6000601
4.8000605
5.000092
5.1998246
5.3998671
5.5998963
5.7998892
5.9998983
6.1999234
6.3999537
6.5999613
6.7999891
7.0000142
7.200021
7.4000424
7.5997538
7.7997767
7.9997821
8.1998173
8.3997989
8.5998018
8.7998503
8.9998955
9.1999133
9.3999446
9.599919
9.7999243
9.9999507
