-1.000000000000000000e+01
-9.800000000000000711e+00
-9.600000000000001421e+00
-9.400000000000002132e+00
-9.200000000000002842e+00
-9.000000000000003553e+00
-8.800000000000004263e+00
-8.600000000000004974e+00
-8.400000000000005684e+00
-8.200000000000006395e+00
-8.000000000000007105e+00
-7.800000000000007816e+00
-7.600000000000008527e+00
-7.400000000000009237e+00
-7.200000000000009948e+00
-7.000000000000010658e+00
-6.800000000000011369e+00
-6.600000000000012079e+00
-6.400000000000012790e+00
-6.200000000000013500e+00
-6.000000000000014211e+00
-5.800000000000014921e+00
-5.600000000000015632e+00
-5.400000000000016342e+00
-5.200000000000017053e+00
-5.000000000000017764e+00
-4.800000000000018474e+00
-4.600000000000019185e+00
-4.400000000000019895e+00
-4.200000000000020606e+00
-4.000000000000021316e+00
-3.800000000000022027e+00
-3.600000000000022737e+00
-3.400000000000023448e+00
-3.200000000000024158e+00
-3.000000000000024869e+00
-2.800000000000025580e+00
-2.600000000000026290e+00
-2.400000000000027001e+00
-2.200000000000027711e+00
-2.000000000000028422e+00
-1.800000000000029132e+00
-1.600000000000029843e+00
-1.400000000000030553e+00
-1.200000000000031264e+00
-1.000000000000031974e+00
-8.000000000000326850e-01
-6.000000000000333955e-01
-4.000000000000341061e-01
-2.000000000000348166e-01
-3.552713678800500929e-14
1.999999999999637623e-01
3.999999999999630518e-01
5.999999999999623412e-01
7.999999999999616307e-01
9.999999999999609201e-01
1.199999999999960210e+00
1.399999999999959499e+00
1.599999999999958789e+00
1.799999999999958078e+00
1.999999999999957367e+00
2.199999999999956657e+00
2.399999999999955946e+00
2.599999999999955236e+00
2.799999999999954525e+00
2.999999999999953815e+00
3.199999999999953104e+00
3.399999999999952394e+00
3.599999999999951683e+00
3.799999999999950973e+00
3.999999999999950262e+00
4.199999999999949551e+00
4.399999999999948841e+00
4.599999999999948130e+00
4.799999999999947420e+00
4.999999999999946709e+00
5.199999999999945999e+00
5.399999999999945288e+00
5.599999999999944578e+00
5.799999999999943867e+00
5.999999999999943157e+00
6.199999999999942446e+00
6.399999999999941735e+00
6.599999999999941025e+00
6.799999999999940314e+00
6.999999999999939604e+00
7.199999999999938893e+00
7.399999999999938183e+00
7.599999999999937472e+00
7.799999999999936762e+00
7.999999999999936051e+00
8.199999999999935341e+00
8.399999999999934630e+00
8.599999999999933920e+00
8.799999999999933209e+00
8.999999999999932498e+00
9.199999999999931788e+00
9.399999999999931077e+00
9.599999999999930367e+00
9.799999999999929656e+00
9.999999999999928946e+00
-1.000000000000000000e+01
-9.800000000000000711e+00
-9.600000000000001421e+00
-9.400000000000002132e+00
-9.200000000000002842e+00
-9.000000000000003553e+00
-8.800000000000004263e+00
-8.600000000000004974e+00
-8.400000000000005684e+00
-8.200000000000006395e+00
-8.000000000000007105e+00
-7.800000000000007816e+00
-7.600000000000008527e+00
-7.400000000000009237e+00
-7.200000000000009948e+00
-7.000000000000010658e+00
-6.800000000000011369e+00
-6.600000000000012079e+00
-6.400000000000012790e+00
-6.200000000000013500e+00
-6.000000000000014211e+00
-5.800000000000014921e+00
-5.600000000000015632e+00
-5.400000000000016342e+00
-5.200000000000017053e+00
-5.000000000000017764e+00
-4.800000000000018474e+00
-4.600000000000019185e+00
-4.400000000000019895e+00
-4.200000000000020606e+00
-4.000000000000021316e+00
-3.800000000000022027e+00
-3.600000000000022737e+00
-3.400000000000023448e+00
-3.200000000000024158e+00
-3.000000000000024869e+00
-2.800000000000025580e+00
-2.600000000000026290e+00
-2.400000000000027001e+00
-2.200000000000027711e+00
-2.000000000000028422e+00
-1.800000000000029132e+00
-1.600000000000029843e+00
-1.400000000000030553e+00
-1.200000000000031264e+00
-1.000000000000031974e+00
-8.000000000000326850e-01
-6.000000000000333955e-01
-4.000000000000341061e-01
-2.000000000000348166e-01
-3.552713678800500929e-14
1.999999999999637623e-01
3.999999999999630518e-01
5.999999999999623412e-01
7.999999999999616307e-01
9.999999999999609201e-01
1.199999999999960210e+00
1.399999999999959499e+00
1.599999999999958789e+00
1.799999999999958078e+00
1.999999999999957367e+00
2.199999999999956657e+00
2.399999999999955946e+00
2.599999999999955236e+00
2.799999999999954525e+00
2.999999999999953815e+00
3.199999999999953104e+00
3.399999999999952394e+00
3.599999999999951683e+00
3.799999999999950973e+00
3.999999999999950262e+00
4.199999999999949551e+00
4.399999999999948841e+00
4.599999999999948130e+00
4.799999999999947420e+00
4.999999999999946709e+00
5.199999999999945999e+00
5.399999999999945288e+00
5.599999999999944578e+00
5.799999999999943867e+00
5.999999999999943157e+00
6.199999999999942446e+00
6.399999999999941735e+00
6.599999999999941025e+00
6.799999999999940314e+00
6.999999999999939604e+00
7.199999999999938893e+00
7.399999999999938183e+00
7.599999999999937472e+00
7.799999999999936762e+00
7.999999999999936051e+00
8.199999999999935341e+00
8.399999999999934630e+00
8.599999999999933920e+00
8.799999999999933209e+00
8.999999999999932498e+00
9.199999999999931788e+00
9.399999999999931077e+00
9.599999999999930367e+00
9.799999999999929656e+00
9.999999999999928946e+00
-1.000000000000000000e+01
-9.800000000000000711e+00
-9.600000000000001421e+00
-9.400000000000002132e+00
-9.200000000000002842e+00
-9.000000000000003553e+00
-8.800000000000004263e+00
-8.600000000000004974e+00
-8.400000000000005684e+00
-8.200000000000006395e+00
-8.000000000000007105e+00
-7.800000000000007816e+00
-7.600000000000008527e+00
-7.400000000000009237e+00
-7.200000000000009948e+00
-7.000000000000010658e+00
-6.800000000000011369e+00
-6.600000000000012079e+00
-6.400000000000012790e+00
-6.200000000000013500e+00
-6.000000000000014211e+00
-5.800000000000014921e+00
-5.600000000000015632e+00
-5.400000000000016342e+00
-5.200000000000017053e+00
-5.000000000000017764e+00
-4.800000000000018474e+00
-4.600000000000019185e+00
-4.400000000000019895e+00
-4.200000000000020606e+00
-4.000000000000021316e+00
-3.800000000000022027e+00
-3.600000000000022737e+00
-3.400000000000023448e+00
-3.200000000000024158e+00
-3.000000000000024869e+00
-2.800000000000025580e+00
-2.600000000000026290e+00
-2.400000000000027001e+00
-2.200000000000027711e+00
-2.000000000000028422e+00
-1.800000000000029132e+00
-1.600000000000029843e+00
-1.400000000000030553e+00
-1.200000000000031264e+00
-1.000000000000031974e+00
-8.000000000000326850e-01
-6.000000000000333955e-01
-4.000000000000341061e-01
-2.000000000000348166e-01
-3.552713678800500929e-14
1.999999999999637623e-01
3.999999999999630518e-01
5.999999999999623412e-01
7.999999999999616307e-01
9.999999999999609201e-01
1.199999999999960210e+00
1.399999999999959499e+00
1.599999999999958789e+00
1.799999999999958078e+00
1.999999999999957367e+00
2.199999999999956657e+00
2.399999999999955946e+00
2.599999999999955236e+00
2.799999999999954525e+00
2.999999999999953815e+00
3.199999999999953104e+00
3.399999999999952394e+00
3.599999999999951683e+00
3.799999999999950973e+00
3.999999999999950262e+00
4.199999999999949551e+00
4.399999999999948841e+00
4.599999999999948130e+00
4.799999999999947420e+00
4.999999999999946709e+00
5.199999999999945999e+00
5.399999999999945288e+00
5.599999999999944578e+00
5.799999999999943867e+00
5.999999999999943157e+00
6.199999999999942446e+00
6.399999999999941735e+00
6.599999999999941025e+00
6.799999999999940314e+00
6.999999999999939604e+00
7.199999999999938893e+00
7.399999999999938183e+00
7.599999999999937472e+00
7.799999999999936762e+00
7.999999999999936051e+00
8.199999999999935341e+00
8.399999999999934630e+00
8.599999999999933920e+00
8.799999999999933209e+00
8.999999999999932498e+00
9.199999999999931788e+00
9.399999999999931077e+00
9.599999999999930367e+00
9.799999999999929656e+00
9.999999999999928946e+00
