0.000250303
0.2003153
0.40036745
0.60070809
0.80070922
1.0007232
1.2010374
1.4010676
1.6010814
1.8014091
2.0014492
2.2014541
2.4017931
2.6017447
2.8017823
3.0021001
3.2021389
3.402118
3.6024719
3.8024535
4.0025098
4.2028265
4.4028664
4.6028566
4.8031721
5.0032023
0.000251957
0.20032127
0.40036932
0.60070934
0.80070884
1.0007218
1.2010362
1.4010726
1.6010802
1.8014041
2.0014454
2.2014591
2.4017918
2.6017535
2.8017798
3.0020977
3.2021376
3.4021168
3.6024707
3.8024535
4.0025186
4.2028303
4.4028726
4.6028616
4.8031683
5.0032023
0.000252032
0.20032053
0.40036857
0.60071008
0.80070972
1.0007226
1.2010349
1.4010701
1.6010802
1.8014091
2.0014492
2.2014578
2.4017943
2.6017522
2.8017811
3.0020927
3.2021351
3.4021168
3.6024732
3.8024535
4.0025148
4.2028253
4.4028689
4.6028616
4.8031721
5.003206
