0.00035436
0.62822564
1.2535531
1.8741283
2.4872799
3.0903985
3.6815838
4.2581749
4.8179219
5.3585613
5.8780772
6.3744383
6.8457541
7.2898782
7.7054705
8.0904475
8.4437045
8.7634153
9.048691
9.2981727
9.5108373
9.686209
9.8231708
9.9213904
9.9806002
9.9964656
9.980594
9.9213754
9.8231696
9.6862053
9.510851
9.2981752
9.0486848
8.7634129
8.4437045
8.0904426
7.705468
7.2898782
6.8457516
6.374432
5.8780735
5.3585613
4.8179144
4.2581699
3.6815751
3.0903898
2.4872761
1.8741208
1.2535531
0.6282234
0.000354423
-0.62773076
-1.2531258
-1.8736153
-2.4868118
-3.0898728
-3.6811397
-4.2577091
-4.8174961
-5.3583795
-5.8778916
-6.3742814
-6.8455643
-7.2897381
-7.7053165
-8.0902494
-8.4435104
-8.76327
-9.0484697
-9.2979969
-9.5106375
-9.686036
-9.823008
-9.9213003
-9.9804666
-9.9960668
-9.980479
-9.921299
-9.8230143
-9.6860397
-9.5106375
-9.2980143
-9.0484771
-8.7632687
-8.4435117
-8.0902494
-7.705314
-7.2897431
-6.8455693
-6.3742839
-5.8778979
-5.3583808
-4.8175036
-4.2577079
-3.6811435
-3.0898803
-2.486818
-1.8736203
-1.2531258
-0.62773238
0.000354696
0.6282244
1.2535544
1.874127
2.4872749
3.0903936
3.6815813
4.2581687
4.8179194
5.35856
5.8780685
6.3744308
6.8457491
7.2898744
7.7054643
8.0904401
8.4436946
8.7634054
9.0486748
9.2981702
9.5108348
9.6861965
9.8231546
9.921373
9.9805952
9.9964569
9.980584
9.9213854
9.8231646
9.686194
9.5108323
9.2981627
9.0486785
8.7633967
8.4436909
8.0904301
7.7054481
7.2898682
6.8457429
6.3744295
5.8780672
5.3585638
4.8179156
4.2581687
3.6815751
3.0903948
2.4872749
1.8741283
1.2535556
0.62822527
0.000355866
-0.62772989
-1.253122
-1.8736153
-2.4868093
-3.0898741
-3.681141
-4.2577091
-4.8175048
-5.3583783
-5.8778941
-6.3742777
-6.8455668
-7.2897332
-7.7053165
-8.0902469
-8.4435117
-8.7632737
-9.0484771
-9.2980068
-9.51064
-9.6860335
-9.823008
-9.9212953
-9.9804765
-9.9960643
-9.9804803
-9.9213065
-9.8230242
-9.686031
-9.5106375
-9.2980131
-9.0484722
-8.7632787
-8.4435241
-8.0902668
-7.7053277
-7.2897481
-6.8455705
-6.3742789
-5.8778966
-5.358382
-4.8175073
-4.2577166
-3.6811484
-3.0898803
-2.4868155
-1.8736203
-1.2531233
-0.62773164
0.00035487
