0.000000000000000000e+00
5.965099355284770866e-01
1.190665718860890454e+00
1.780122488564383598e+00
2.362553928066120523e+00
2.935661446562000343e+00
3.497183250504440011e+00
4.044903269868190598e+00
4.576659903966295850e+00
5.090354552300468072e+00
5.583959896778495136e+00
6.055527902612551472e+00
6.503197506322542232e+00
6.925201960503409637e+00
7.319875806369998017e+00
7.685661446562001231e+00
8.021115292269143993e+00
8.324913460416704325e+00
8.595856998427185758e+00
8.832876615938387133e+00
9.035036904803957825e+00
9.201540030721995223e+00
9.331728881922542129e+00
9.425089662487540210e+00
9.481253920068580143e+00
9.500000000000000000e+00
9.481253920068580143e+00
9.425089662487538433e+00
9.331728881922542129e+00
9.201540030721996999e+00
9.035036904803959601e+00
8.832876615938387133e+00
8.595856998427185758e+00
8.324913460416702549e+00
8.021115292269142216e+00
7.685661446562001231e+00
7.319875806369998017e+00
6.925201960503408749e+00
6.503197506322544008e+00
6.055527902612553248e+00
5.583959896778496024e+00
5.090354552300468072e+00
4.576659903966298515e+00
4.044903269868192375e+00
3.497183250504442231e+00
2.935661446562001231e+00
2.362553928066120967e+00
1.780122488564383376e+00
1.190665718860893119e+00
5.965099355284790850e-01
1.163414459189985485e-15
-5.965099355284767535e-01
-1.190665718860890676e+00
-1.780122488564385375e+00
-2.362553928066122744e+00
-2.935661446562003452e+00
-3.497183250504444008e+00
-4.044903269868190598e+00
-4.576659903966292298e+00
-5.090354552300466295e+00
-5.583959896778493359e+00
-6.055527902612551472e+00
-6.503197506322543120e+00
-6.925201960503407861e+00
-7.319875806369998905e+00
-7.685661446561999455e+00
-8.021115292269145769e+00
-8.324913460416704325e+00
-8.595856998427187534e+00
-8.832876615938388909e+00
-9.035036904803957825e+00
-9.201540030721993446e+00
-9.331728881922542129e+00
-9.425089662487538433e+00
-9.481253920068580143e+00
-9.500000000000000000e+00
-9.481253920068580143e+00
-9.425089662487540210e+00
-9.331728881922542129e+00
-9.201540030721995223e+00
-9.035036904803959601e+00
-8.832876615938387133e+00
-8.595856998427185758e+00
-8.324913460416702549e+00
-8.021115292269147545e+00
-7.685661446562002119e+00
-7.319875806370000682e+00
-6.925201960503409637e+00
-6.503197506322544896e+00
-6.055527902612551472e+00
-5.583959896778496912e+00
-5.090354552300465407e+00
-4.576659903966295850e+00
-4.044903269868186158e+00
-3.497183250504439567e+00
-2.935661446562002563e+00
-2.362553928066125852e+00
-1.780122488564384486e+00
-1.190665718860894229e+00
-5.965099355284759763e-01
-2.326828918379970970e-15
5.965099355284714244e-01
1.190665718860889566e+00
1.780122488564380046e+00
2.362553928066121411e+00
2.935661446561998122e+00
3.497183250504442675e+00
4.044903269868188822e+00
4.576659903966298515e+00
5.090354552300468072e+00
5.583959896778498688e+00
6.055527902612553248e+00
6.503197506322548449e+00
6.925201960503411414e+00
7.319875806369998017e+00
7.685661446562003896e+00
8.021115292269140440e+00
8.324913460416698996e+00
8.595856998427183981e+00
8.832876615938385356e+00
9.035036904803957825e+00
9.201540030721993446e+00
9.331728881922542129e+00
9.425089662487538433e+00
9.481253920068580143e+00
9.500000000000000000e+00
9.481253920068580143e+00
9.425089662487540210e+00
9.331728881922542129e+00
9.201540030721995223e+00
9.035036904803959601e+00
8.832876615938390685e+00
8.595856998427182205e+00
8.324913460416702549e+00
8.021115292269143993e+00
7.685661446562003007e+00
7.319875806369991800e+00
6.925201960503404308e+00
6.503197506322539567e+00
6.055527902612552360e+00
5.583959896778496912e+00
5.090354552300473401e+00
4.576659903966303844e+00
4.044903269868202145e+00
3.497183250504440899e+00
2.935661446562003896e+00
2.362553928066127185e+00
1.780122488564394034e+00
1.190665718860887123e+00
5.965099355284771976e-01
3.490243377569956456e-15
-5.965099355284702032e-01
-1.190665718860880240e+00
-1.780122488564387151e+00
-2.362553928066120079e+00
-2.935661446561997234e+00
-3.497183250504433794e+00
-4.044903269868195927e+00
-4.576659903966297627e+00
-5.090354552300467184e+00
-5.583959896778491583e+00
-6.055527902612560354e+00
-6.503197506322546673e+00
-6.925201960503411414e+00
-7.319875806369998017e+00
-7.685661446561998567e+00
-8.021115292269149322e+00
-8.324913460416698996e+00
-8.595856998427180429e+00
-8.832876615938387133e+00
-9.035036904803957825e+00
-9.201540030721993446e+00
-9.331728881922540353e+00
-9.425089662487540210e+00
-9.481253920068580143e+00
-9.500000000000000000e+00
-9.481253920068580143e+00
-9.425089662487540210e+00
-9.331728881922542129e+00
-9.201540030721996999e+00
-9.035036904803961377e+00
-8.832876615938390685e+00
-8.595856998427182205e+00
-8.324913460416702549e+00
-8.021115292269143993e+00
-7.685661446562003007e+00
-7.319875806369991800e+00
-6.925201960503405196e+00
-6.503197506322540455e+00
-6.055527902612552360e+00
-5.583959896778497800e+00
-5.090354552300460078e+00
-4.576659903966304732e+00
-4.044903269868203033e+00
-3.497183250504441787e+00
-2.935661446562004784e+00
-2.362553928066128073e+00
-1.780122488564395145e+00
-1.190665718860888012e+00
-5.965099355284784188e-01
-4.653657836759941941e-15
