0.000344183
0.596814
1.1910547
1.7804571
2.3627969
2.936006
3.4973306
4.0452339
4.5769343
5.09072
5.5843073
6.0558979
6.5034702
6.9256739
7.3200738
7.6859245
8.021481
8.3253027
8.5961857
8.8332836
9.0355549
9.2017822
9.3320601
9.4254212
9.4815506
9.5004666
9.4815469
9.4254187
9.3320675
9.2017797
9.0355487
8.8332886
8.5961944
8.3253039
8.0214685
7.685917
7.3200675
6.9256702
6.5034726
6.0558929
5.5843123
5.090725
4.5769356
4.0452376
3.4973319
2.9360122
2.3627994
1.7804546
1.191049
0.59681586
0.000344022
-0.59631246
-1.1906303
-1.7799432
-2.3623191
-2.9355607
-3.4971436
-4.0447925
-4.576542
-5.0902558
-5.583812
-6.0554403
-6.5033171
-6.9252134
-7.3199586
-7.6858165
-8.0213409
-8.325199
-8.5960811
-8.8331685
-9.0353896
-9.2016495
-9.3318924
-9.4252582
-9.4813844
-9.5002992
-9.4813795
-9.4252558
-9.3318799
-9.201657
-9.0353884
-8.8331524
-8.5960786
-8.3252003
-8.0213397
-7.685814
-7.3199574
-6.9252121
-6.5033109
-6.0554315
-5.5838083
-5.090252
-4.5765396
-4.0448
-3.4971461
-2.9355544
-2.3623241
-1.7799457
-1.190634
-0.59630997
0.000346585
0.59681661
1.1910578
1.7804558
2.3627982
2.936011
3.4973319
4.0452364
4.5769356
5.0907212
5.5843048
6.0558966
6.5034764
6.9256764
7.3200688
7.6859257
8.0214835
8.3253039
8.5961857
8.833291
9.0355474
9.2017809
9.3320588
9.4254162
9.4815407
9.5004479
9.4815407
9.4254099
9.3320513
9.2017809
9.0355537
8.8332935
8.596187
8.3253089
8.0214785
7.6859257
7.3200725
6.9256776
6.5034739
6.0558954
5.5843135
5.090725
4.5769343
4.0452376
3.4973319
2.9360035
2.3627994
1.7804571
1.1910515
0.59681748
0.000346572
-0.5963086
-1.1906266
-1.7799407
-2.3623166
-2.935552
-3.4971449
-4.0447913
-4.5765358
-5.090257
-5.5838033
-6.0554291
-6.5033096
-6.9252071
-7.3199487
-7.6858016
-8.021321
-8.3251779
-8.5960674
-8.8331424
-9.0353772
-9.2016396
-9.3318724
-9.4252346
-9.4813633
-9.5002855
-9.4813583
-9.4252421
-9.3318724
-9.2016396
-9.0353772
-8.8331499
-8.5960712
-8.3251891
-8.0213247
-7.6858016
-7.3199499
-6.9252071
-6.5033096
-6.0554328
-5.5837996
-5.0902495
-4.5765383
-4.0447938
-3.4971474
-2.9355544
-2.3623191
-1.7799432
-1.1906315
-0.5963086
0.000347157
