0.000000000000000000e+00
6.266661678215212916e-01
1.243449435824274030e+00
1.840622763423389596e+00
2.408768370508576506e+00
2.938926261462365908e+00
3.422735529643443186e+00
3.852566213878946044e+00
4.221639627510075599e+00
4.524135262330098328e+00
4.755282581475767323e+00
4.911436253643443273e+00
4.990133642141358017e+00
4.990133642141358017e+00
4.911436253643443273e+00
4.755282581475768211e+00
4.524135262330097440e+00
4.221639627510074710e+00
3.852566213878946044e+00
3.422735529643444075e+00
2.938926261462366352e+00
2.408768370508577839e+00
1.840622763423390706e+00
1.243449435824274030e+00
6.266661678215226239e-01
6.123233995736766282e-16
-6.266661678215214026e-01
-1.243449435824275140e+00
-1.840622763423391595e+00
-2.408768370508575174e+00
-2.938926261462365019e+00
-3.422735529643443630e+00
-3.852566213878946932e+00
-4.221639627510076487e+00
-4.524135262330099216e+00
-4.755282581475767323e+00
-4.911436253643443273e+00
-4.990133642141358017e+00
-4.990133642141358017e+00
-4.911436253643443273e+00
-4.755282581475768211e+00
-4.524135262330098328e+00
-4.221639627510077375e+00
-3.852566213878947821e+00
-3.422735529643444963e+00
-2.938926261462366796e+00
-2.408768370508576506e+00
-1.840622763423389374e+00
-1.243449435824276694e+00
-6.266661678215232900e-01
-1.224646799147353256e-15
6.266661678215208475e-01
1.243449435824274474e+00
1.840622763423390928e+00
2.408768370508578283e+00
2.938926261462367684e+00
3.422735529643446295e+00
3.852566213878946044e+00
4.221639627510073822e+00
4.524135262330096552e+00
4.755282581475767323e+00
4.911436253643443273e+00
4.990133642141358017e+00
4.990133642141358017e+00
4.911436253643443273e+00
4.755282581475768211e+00
4.524135262330096552e+00
4.221639627510075599e+00
3.852566213878942936e+00
3.422735529643441854e+00
2.938926261462366796e+00
2.408768370508580947e+00
1.840622763423389818e+00
1.243449435824277360e+00
6.266661678215195153e-01
1.836970198721029589e-15
-6.266661678215158515e-01
-1.243449435824273808e+00
-1.840622763423386266e+00
-2.408768370508577839e+00
-2.938926261462364131e+00
-3.422735529643445851e+00
-3.852566213878946044e+00
-4.221639627510078263e+00
-4.524135262330094776e+00
-4.755282581475767323e+00
-4.911436253643442384e+00
-4.990133642141358017e+00
-4.990133642141358017e+00
-4.911436253643443273e+00
-4.755282581475769099e+00
-4.524135262330096552e+00
-4.221639627510075599e+00
-3.852566213878942936e+00
-3.422735529643442298e+00
-2.938926261462367240e+00
-2.408768370508581391e+00
-1.840622763423390484e+00
-1.243449435824278027e+00
-6.266661678215200704e-01
-2.449293598294706513e-15
6.266661678215151854e-01
1.243449435824273364e+00
1.840622763423385599e+00
2.408768370508576950e+00
2.938926261462363243e+00
3.422735529643445407e+00
3.852566213878945600e+00
4.221639627510077375e+00
4.524135262330098328e+00
4.755282581475769987e+00
4.911436253643444161e+00
4.990133642141358017e+00
4.990133642141358017e+00
4.911436253643443273e+00
4.755282581475766435e+00
4.524135262330100105e+00
4.221639627510080928e+00
3.852566213878949153e+00
3.422735529643449404e+00
2.938926261462367684e+00
2.408768370508582279e+00
1.840622763423390928e+00
1.243449435824278471e+00
6.266661678215207365e-01
3.061616997868383043e-15
-6.266661678215146303e-01
-1.243449435824272697e+00
-1.840622763423393593e+00
-2.408768370508576506e+00
-2.938926261462362799e+00
-3.422735529643438745e+00
-3.852566213878950485e+00
-4.221639627510077375e+00
-4.524135262330098328e+00
-4.755282581475767323e+00
-4.911436253643445049e+00
-4.990133642141358017e+00
-4.990133642141358017e+00
-4.911436253643443273e+00
-4.755282581475769099e+00
-4.524135262330100993e+00
-4.221639627510080928e+00
-3.852566213878954926e+00
-3.422735529643443186e+00
-2.938926261462368572e+00
-2.408768370508582723e+00
-1.840622763423399810e+00
-1.243449435824270477e+00
-6.266661678215212916e-01
