0.000000000000000000e+00
2.188699553427610578e+00
4.259640552855306517e+00
6.101400205177551328e+00
7.614886356273326662e+00
8.718668943997821330e+00
9.353361178027450151e+00
9.484814726035262211e+00
9.105956995665071219e+00
8.237171661062657080e+00
6.925201960503408749e+00
5.240635770970084373e+00
3.274107770157915542e+00
1.131423020901264787e+00
-1.072135656298071282e+00
-3.218010242330265225e+00
-5.190746293975555758e+00
-6.884204736776943889e+00
-8.207272463331934276e+00
-9.088764489808887959e+00
-9.481253920068580143e+00
-9.363623653915482237e+00
-8.742202549975766956e+00
-7.650424914255662401e+00
-6.147031634909727593e+00
-4.312909747525695892e+00
-2.246740471725388932e+00
-5.968986767280864969e-02
2.130572229019112029e+00
4.206203194869561734e+00
6.055527902612547031e+00
7.579047175616424603e+00
8.694791139898715215e+00
9.342729447455631941e+00
9.488001087757165664e+00
9.122790013930959674e+00
8.266745669360496152e+00
6.965925789114324473e+00
5.290318356637793151e+00
3.330076041816971255e+00
1.190665718860887123e+00
-1.012805965614970161e+00
-3.161785672968371763e+00
-5.140651895205317068e+00
-6.842935736435122429e+00
-8.177049256537459954e+00
-9.071213175093104653e+00
-9.477318810431640372e+00
-9.373516469974749299e+00
-8.765391028766090997e+00
-7.685661446562003007e+00
-6.192420390358353899e+00
-4.366008675904142322e+00
-2.304692692556381761e+00
-1.193773788918470052e-01
2.072360793267154833e+00
