0.000341869
0.38813405
0.77528932
1.1611589
1.5452634
1.9269006
2.3048312
2.6794732
3.0491674
3.4140438
3.773077
4.126059
4.4720259
4.8102917
5.1410595
5.4628922
5.7756005
6.0787796
6.3719928
6.654162
6.9256913
7.1852575
7.4329698
7.6685612
7.8908966
8.1005194
8.2963498
8.4784747
8.6462376
8.8000196
8.9388643
9.0626601
9.1715978
9.2649602
9.3430684
9.4056087
9.4525467
9.4833885
9.498655
9.4980473
9.4815668
9.4495372
9.4013342
9.337565
9.258554
9.1636664
9.0538707
8.9284887
8.7887338
8.6340341
8.465056
8.2816645
8.0849491
7.874441
7.6508451
7.4143551
7.1657488
6.9049437
6.6328068
6.3497187
6.0559053
5.7518071
5.4384848
5.1157446
4.784662
4.4454836
4.0992166
3.7456294
3.3862812
3.0208318
2.6507854
2.2758471
1.8976202
1.5159805
1.1315605
0.74570081
0.35824231
-0.02953521
-0.41757577
-0.80470189
-1.1906399
-1.5743714
-1.9556803
-2.333335
-2.7077061
-3.0770854
-3.4416373
-3.8001762
-4.1525145
-4.4981366
-4.8358244
-5.1656255
-5.4868093
-5.7989047
-6.1015271
-6.3938271
-6.6753934
-6.9456957
-7.2046417
-7.4514894
-7.6858215
-7.9075778
-8.1158965
-8.3105638
-8.4917413
-8.6586226
-8.8108945
-8.9488003
-9.0714124
-9.179099
-9.2715043
-9.3483803
-9.4096966
-9.4551583
-9.4850526
-9.4990814
-9.4972611
-9.4795578
-9.4460353
-9.3968843
-9.3319023
-9.2513681
-9.1556122
-9.0445425
-8.9182997
-8.7770324
-8.6214095
-8.4511692
-8.2669239
-8.0689403
-7.8575541
-7.6327346
-7.3956396
-7.1457944
-6.88435
-6.6113353
-6.3273339
-6.0325698
-5.7278256
-5.4136321
-5.0902707
-4.7586479
-4.4188195
-4.0719762
-3.7180814
-3.358078
-2.9922787
-2.6216628
-2.2466967
-1.8678043
-1.4858813
-1.1015228
-0.7153069
-0.32788667
0.059857914
0.447626
0.83475009
1.2206357
1.6041233
1.9851676
2.3628019
2.7364891
3.1056352
3.4695767
3.8279923
4.1797539
4.5244958
4.8618577
5.1911
5.5117149
5.8228631
6.1245533
6.4159362
6.6965673
6.9662651
7.2243371
7.4701907
7.7036352
7.9241689
8.1316426
8.3253251
8.5053138
8.6708998
8.8222779
8.9586855
9.0803807
9.1868519
9.2780689
9.3537342
9.4138377
9.4583875
9.4867491
9.4995627
9.4965096
9.4775949
9.4431273
9.3924913
9.3265728
9.244819
9.1478059
9.0355674
8.9080199
8.7658595
8.6090107
8.4375686
8.2524401
8.0532267
7.8408896
7.6151548
7.3768369
7.1263987
6.8640525
6.5900961
6.3051507
6.0098742
5.7041835
5.3893408
5.065368
4.7331561
4.3927198
4.0452488
3.6907205
3.3304558
2.9643827
2.5934385
2.2179163
1.8390394
1.4568008
1.0723634
0.68620808
0.29877474
-0.089336105
-0.47703928
-0.86419154
-1.24978
-1.6332423
-2.0139488
-2.3913169
-2.7647156
-3.133537
-3.4971623
-3.854785
-4.2062007
-4.5506185
-4.887095
-5.2156585
-5.5356208
-5.8462058
-6.1469879
-6.4377826
-6.7174784
-6.9862495
-7.2434032
-7.4884137
-7.7209117
-7.940235
-8.1467396
-8.3395504
-8.5182911
-8.6830744
-8.8331735
-8.968634
-9.0891106
-9.1943618
-9.2843254
-9.3587585
-9.4176406
-9.4609668
-9.4881144
-9.4997115
-9.4954444
-9.4756046
-9.4396054
-9.3880588
-9.3206221
-9.237658
-9.1394417
-9.025954
-8.8975404
-8.7541644
-8.5960961
-8.4237465
-8.237336
-8.0372113
-7.8237029
-7.5973506
-7.3578164
-7.1064837
-6.84316
-6.5683277
-6.2824872
-5.9862037
-5.6802381
-5.3645081
-5.0399302
-4.7067873
-4.3660288
-4.017965
-3.6628191
-3.3019429
-2.9355669
-2.5643124
-2.1884371
-1.809246
-1.4270416
-1.0423282
-0.65581379
-0.2683803
0.11969086
0.50743102
0.89423671
1.2798082
1.6629929
2.0434137
2.4204614
2.7935682
3.1620943
3.5250646
3.8823287
4.2331591
4.5769455
4.9131109
5.2408353
5.5602228
5.869848
6.1699805
6.4598605
6.7389828
7.0068388
7.2627718
7.5068361
7.7384178
7.9568161
8.1621482
8.3539954
8.53153
8.6950391
8.8442992
8.9785316
9.0977864
9.2018108
9.2908949
9.3641161
9.4217841
9.4635884
9.4898108
9.500189
9.4946967
9.4733278
9.4364094
9.3833533
9.3149906
9.2308026
9.1313416
9.0169674
8.8870009
8.7426304
8.5833784
8.4101322
8.2225521
8.0215059
7.8070632
7.579442
7.3393085
7.0867451
6.822571
6.5468118
6.2603146
5.9635104
5.6566305
5.340259
5.0147396
4.6812801
4.3396251
3.9912589
3.6358165
3.2743478
2.9076457
2.5357443
2.1599478
1.7804583
1.397905
1.0132171
0.62669056
0.23894859
-0.14912279
-0.53682658
-0.9236753
-1.308966
-1.6918217
-2.0722332
-2.4490185
-2.821781
-3.1896709
-3.5523787
-3.9094076
-4.2595718
-4.6028229
-4.9383903
-5.2656551
-5.583827
-5.8931843
-6.1924732
-6.4814392
-6.7595799
-7.026544
-7.2818428
-7.5250491
-7.7553454
-7.9728407
-8.1772399
-8.3679256
-8.544526
-8.7068595
-8.8548275
-8.9881202
-9.106195
-9.2093033
-9.2968314
-9.3688502
-9.4252719
-9.4661503
-9.4911637
-9.5003066
-9.4936091
-9.4710237
-9.4325892
-9.3785809
-9.3087324
-9.2236155
-9.1229625
-9.0073362
-8.876499
-8.7306576
-8.5704483
-8.3959752
-8.207448
-8.0051767
-7.789813
-7.5613453
-7.3199686
-7.066789
-6.8013663
-6.5249835
-6.2376091
-5.9398267
-5.6320296
-5.3150892
-4.9893197
-4.6549502
-4.3129502
-3.9636988
-3.607919
-3.2461089
-2.8788201
-2.5066517
-2.1304963
-1.7506701
-1.367847
-0.98283911
-0.59631756
-0.20862983
0.17918779
