0.000351063
0.62669516
1.2432173
1.8402633
2.407954
2.9378453
3.4216727
3.8512127
4.2203044
4.5226667
4.7535911
4.9097565
4.9884625
4.9884625
4.9097528
4.7535836
4.5226605
4.2203094
3.8512065
3.4216715
2.9378466
2.407954
1.8402621
1.2432186
0.62669566
0.00035069
-0.62620949
-1.2427899
-1.8397304
-2.4077686
-2.9376861
-3.4212035
-3.8511019
-4.2198934
-4.5222159
-4.7534483
-4.9093442
-4.9880933
-4.9880883
-4.9093479
-4.753447
-4.5222159
-4.2198934
-3.8511056
-3.421206
-2.9376923
-2.4077724
-1.8397317
-1.2427874
-0.62621024
0.000350292
0.62669591
1.2432198
1.8402658
2.4079589
2.9378541
3.421679
3.8512164
4.2203143
4.5226717
4.7535961
4.909754
4.9884699
4.9884662
4.909759
4.7535924
4.5226704
4.2203094
3.8512177
3.421674
2.9378541
2.4079552
1.8402646
1.2432223
0.62669579
0.000350591
-0.62620974
-1.2427861
-1.8397317
-2.4077686
-2.9376849
-3.4212035
-3.8511031
-4.2198921
-4.5222134
-4.7534433
-4.9093442
-4.9880858
-4.9880895
-4.9093479
-4.7534446
-4.5222221
-4.2198921
-3.8511031
-3.4212047
-2.9376898
-2.4077711
-1.8397342
-1.2427861
-0.62621036
0.000351287
0.62669653
1.2432198
1.8402658
2.4079577
2.9378478
3.4216752
3.8512139
4.2203131
4.5226692
4.7535924
4.9097515
4.9884662
4.9884749
4.9097615
4.7535861
4.5226729
4.2203106
3.8512189
3.4216727
2.9378503
2.4079565
1.8402671
1.2432223
0.62669778
0.00035222
-0.62620788
-1.2427874
-1.8397304
-2.4077749
-2.9376886
-3.421211
-3.8511094
-4.2198934
-4.5222221
-4.7534483
-4.9093541
-4.988092
-4.9880883
-4.9093504
-4.7534458
-4.5222184
-4.2198958
-3.8511031
-3.421206
-2.9376898
-2.4077761
-1.8397329
-1.2427861
-0.62620962
