0.000343176
2.1888995
4.2599816
6.1016628
7.6151386
8.7191224
9.3537143
9.4851976
9.1062881
8.23746
6.9256627
5.2408129
3.2743391
1.131553
-1.0719112
-3.2180262
-5.1906214
-6.8843202
-8.2074181
-9.0890783
-9.481372
-9.3639083
-8.7425697
-7.6507438
-6.1469668
-4.3129403
-2.2466917
-0.059431392
2.130955
4.2065806
6.0558829
7.5794022
8.6949992
9.3430186
9.4885433
9.1230565
8.2670517
6.9662364
5.2905373
3.3304371
1.1910453
-1.0127637
-3.1615784
-5.1405723
-6.8431239
-8.17721
-9.07138
-9.4773963
-9.3736676
-8.7657216
-7.6857929
-6.192447
-4.3660076
-2.304656
-0.11922836
2.0726941
