0.000344308
2.1889032
4.2599866
6.1016579
7.6151386
8.7191175
9.3536968
9.4851989
9.1062931
8.23747
6.9256714
5.2408117
3.2743366
1.1315592
-1.0719074
-3.2180225
-5.1906177
-6.8843214
-8.2074118
-9.0890646
-9.4813558
-9.3638971
-8.7425573
-7.6507326
-6.1469568
-4.3129353
-2.2466917
-0.059430521
2.130955
4.2065831
6.0558879
7.5794022
8.6950154
9.3430273
9.4885532
9.1230615
8.2670467
6.9662426
5.2905385
3.3304458
1.1910465
-1.0127612
-3.1615796
-5.1405736
-6.8431301
-8.1772113
-9.0713862
-9.4773951
-9.3736714
-8.7657179
-7.6857953
-6.192447
-4.3660076
-2.3046523
-0.11922649
2.0726941
