0.000257842
0.62723265
1.2443865
1.8420339
2.410311
2.9406842
3.4249761
3.8549505
4.2244083
4.5270757
4.7582217
4.9145839
4.9933546
4.9933571
4.9145901
4.7582242
4.5270794
4.2244158
3.8549518
3.4249773
2.940683
2.410311
1.8420364
1.244389
0.62723265
0.000257519
-0.62691893
-1.2441271
-1.841638
-2.4102527
-2.9406757
-3.4247011
-3.8549468
-4.2241343
-4.5267656
-4.7582159
-4.9142823
-4.993085
-4.9930875
-4.9142811
-4.7582246
-4.5267681
-4.224138
-3.8549493
-3.4246973
-2.9406757
-2.4102552
-1.8416367
-1.2441234
-0.62691731
0.000258626
0.6272329
1.2443878
1.8420339
2.4103135
2.940683
3.4249723
3.8549568
4.2244133
4.5270819
4.758223
4.9145901
4.9933583
4.9933608
4.9145889
4.7582217
4.527077
4.2244133
3.8549505
3.4249723
2.9406855
2.410311
1.8420339
1.2443878
0.62723265
0.00025717
-0.62691856
-1.2441309
-1.8416355
-2.4102589
-2.9406744
-3.4246986
-3.8549443
-4.224138
-4.5267668
-4.7582258
-4.9142823
-4.9930925
-4.99309
-4.9142848
-4.7582246
-4.5267681
-4.2241392
-3.8549468
-3.4246998
-2.9406744
-2.4102614
-1.8416367
-1.2441271
-0.62691831
0.000257195
0.62723153
1.2443865
1.8420326
2.4103135
2.940683
3.4249723
3.854953
4.2244046
4.5270732
4.7582255
4.9145864
4.9933583
4.9933546
4.9145826
4.758223
4.5270794
4.2244071
3.8549518
3.4249761
2.9406805
2.4103135
1.8420339
1.2443865
0.62723178
0.000257481
-0.62691856
-1.2441259
-1.8416367
-2.4102576
-2.9406744
-3.424706
-3.8549468
-4.224138
-4.5267668
-4.7582234
-4.9142811
-4.9930862
-4.9930862
-4.9142823
-4.7582271
-4.5267656
-4.224138
-3.8549443
-3.4246998
-2.9406794
-2.4102589
-1.841638
-1.2441259
-0.62691943
