0.000258116
0.62814925
1.2535021
1.8737909
2.4869449
3.0903276
3.6811891
4.2577267
4.8174462
5.3582861
5.8777186
6.3742702
6.8454714
7.2894411
7.7050596
8.0901612
8.4430944
8.7628662
9.0481083
9.2975775
9.5104301
9.6856748
9.8227886
9.9208288
9.9800573
9.9999072
9.9800611
9.9208338
9.8227848
9.6856786
9.5104252
9.2975663
9.0481033
8.76286
8.4430932
8.0901574
7.7050509
7.2894386
6.8454727
6.3742727
5.8777223
5.3582886
4.8174487
4.2577292
3.6811928
3.0903301
2.4869449
1.8737946
1.2535046
0.62815024
0.000259721
-0.62783329
-1.2532129
-1.8737374
-2.486625
-3.0899724
-3.6809168
-4.257729
-4.8174861
-5.358006
-5.8777435
-6.3739564
-6.845141
-7.2894916
-7.7051023
-8.0898261
-8.4431469
-8.7628803
-9.0481024
-9.2975685
-9.5104146
-9.6857098
-9.8225187
-9.9208209
-9.9800893
-9.9999441
-9.980103
-9.9208346
-9.8225112
-9.685706
-9.5104171
-9.2975661
-9.0480924
-8.7628803
-8.4431481
-8.0898285
-7.7051023
-7.2894916
-6.8451472
-6.3739701
-5.8777497
-5.3580135
-4.8174936
-4.2577303
-3.6809143
-3.08997
-2.4866238
-1.8737374
-1.2532129
-0.62783453
0.000258153
0.62814838
1.2535021
1.8737934
2.4869449
3.0903251
3.6811928
4.2577317
4.8174512
5.3582886
5.8777223
6.3742739
6.8454789
7.2894474
7.7050621
8.0901587
8.4431069
8.7628687
9.0481045
9.2975825
9.5104314
9.6856761
9.8227811
9.9208338
9.9800573
9.9999034
9.9800586
9.9208326
9.8227873
9.6856835
9.5104314
9.29758
9.0481045
8.7628675
8.4430957
8.0901636
7.7050621
7.2894436
6.8454789
6.3742776
5.8777248
5.3582886
4.8174525
4.2577267
3.6811941
3.0903301
2.4869425
1.8737896
1.2535021
0.62814888
0.000257593
-0.62783428
-1.2532167
-1.8737361
-2.486625
-3.0899737
-3.6809181
-4.2577265
-4.8174874
-5.3580135
-5.8777522
-6.3739726
-6.845141
-7.2894978
-7.7050973
-8.0898223
-8.4431357
-8.7628715
-9.0480974
-9.2975661
-9.5104196
-9.685711
-9.82251
-9.9208309
-9.9801018
-9.9999391
-9.9800893
-9.9208234
-9.82251
-9.6857011
-9.5104158
-9.2975586
-9.0480974
-8.7628778
-8.4431456
-8.0898261
-7.7050998
-7.2894928
-6.8451372
-6.3739614
-5.8777484
-5.3580097
-4.8174911
-4.257729
-3.6809143
-3.0899712
-2.486625
-1.8737361
-1.2532142
-0.62783341
0.000257879
