0.000000000000000000e+00
7.751108098974966998e-01
1.545053069351393971e+00
2.304692692556370215e+00
3.048964293168490158e+00
3.772904961030415727e+00
4.471687355570659328e+00
5.140651895205319732e+00
5.775337828098750848e+00
6.371512977098839237e+00
6.925201960503409637e+00
7.432712700477586587e+00
7.890661042360219035e+00
8.295993320694240225e+00
8.646006721507458082e+00
8.938367305065142432e+00
9.171125568916101756e+00
9.342729447455631941e+00
9.452034661322350928e+00
9.498312347617684281e+00
9.481253920068580143e+00
9.400973126725185480e+00
9.258005291472484188e+00
9.053303744413579324e+00
8.788233464927351690e+00
8.464561979789495538e+00
8.084447577049573397e+00
7.650424914255658848e+00
7.165388116992987833e+00
6.632571480437990274e+00
6.055527902612553248e+00
5.438105193148616401e+00
4.784420415539728744e+00
4.098832433969112898e+00
3.385912847775882639e+00
2.650415507372680946e+00
1.897244814886871245e+00
1.131423020901264787e+00
3.580567353643780981e-01
-4.176971240197147051e-01
-1.190665718860890676e+00
-1.955694783313871365e+00
-2.707682993464766152e+00
-3.441615983693179448e+00
-4.152599783183860360e+00
-4.835893449628523300e+00
-5.486940682511540324e+00
-6.101400205177552216e+00
-6.675174713089066181e+00
-7.204438195242854448e+00
-7.685661446561999455e+00
-8.115635601143299738e+00
-8.491493529437004639e+00
-8.810728956679280799e+00
-9.071213175093108205e+00
-9.271209238418098408e+00
-9.409383544118187004e+00
-9.484814726035262211e+00
-9.496999798191350095e+00
-9.445857508771489108e+00
-9.331728881922542129e+00
-9.155374943755093753e+00
-8.917971647711807393e+00
-8.621102033140612519e+00
-8.266745669360494375e+00
-7.857265455608337668e+00
-7.395391864886726729e+00
-6.884204736776945666e+00
-6.327112740625391751e+00
-5.727830646045740437e+00
-5.090354552300472513e+00
-4.418935241735857389e+00
-3.718049834953431443e+00
-2.992371936725402026e+00
-2.246740471725388932e+00
-1.486127417882195711e+00
-7.156046525153608728e-01
5.968986767280399369e-02
8.345863672320564808e-01
1.603917724770961950e+00
2.362553928066121411e+00
3.105436281721948522e+00
3.827611139279793129e+00
4.524262934845413753e+00
5.190746293975544212e+00
5.822617009703273894e+00
6.415661677149723907e+00
6.965925789114320921e+00
7.469740105297875132e+00
7.923745119325124264e+00
8.324913460416698996e+00
8.670570080333277474e+00
8.958410090982210860e+00
9.186514133743131083e+00
9.353361178027450151e+00
9.457838663729260631e+00
9.499249919936252340e+00
9.477318810431640372e+00
9.392191575010183868e+00
9.244435854330204094e+00
9.035036904803959601e+00
8.765391028766090997e+00
8.437296263728679691e+00
8.052940392808297432e+00
7.614886356273332879e+00
7.126055161489371237e+00
6.589706405221651409e+00
6.009416538174685130e+00
5.389055016704188183e+00
4.732758500725162243e+00
4.044903269868202145e+00
3.330076041816971255e+00
2.593043387414597944e+00
1.838719946483178713e+00
1.072135656298080164e+00
2.984022112422374251e-01
-4.773210227078112933e-01
-1.249861411376669729e+00
-2.014067544259524389e+00
-2.764843584868573512e+00
-3.497183250504433794e+00
-4.206203194869560846e+00
-4.887175570924295442e+00
-5.535559556851471719e+00
-6.147031634909709830e+00
-6.717514421272205105e+00
-7.243203854608748493e+00
-7.720594562114388104e+00
-8.146503233839693436e+00
-8.518089849459732577e+00
-8.832876615938387133e+00
-9.088764489808884406e+00
-9.284047173897834071e+00
-9.417422495160311158e+00
-9.488001087757165664e+00
-9.495312323474450977e+00
-9.439307449940079309e+00
-9.320359915711673437e+00
-9.139262880067819950e+00
-8.897223924107832360e+00
-8.595856998427191087e+00
-8.237171661062658856e+00
-7.823559677470063534e+00
-7.357779071887973643e+00
-6.842935736435128646e+00
-6.282462720574692128e+00
-5.680097339046440652e+00
-5.039856250913983260e+00
-4.366008675904142322e+00
-3.663047926635273566e+00
-2.935661446562004784e+00
-2.188699553427629230e+00
-1.427143096647191856e+00
-6.560702442868694417e-01
1.193773788918376932e-01
8.940289765258930821e-01
1.662719060265115179e+00
2.420321893992125606e+00
3.161785672968354444e+00
3.882166209995300044e+00
4.576659903966296739e+00
5.240635770970077267e+00
5.869666324358168374e+00
6.459557097862964170e+00
7.006374614902648013e+00
7.506472617569056816e+00
7.956516380400335819e+00
8.353504946810277332e+00
8.694791139898704557e+00
8.978099214208148382e+00
9.201540030721993446e+00
9.363623653915480460e+00
9.463269286860136020e+00
9.499812478133302207e+00
9.473009552475831541e+00
9.383039235653811261e+00
9.230501462689405301e+00
9.016413377407806351e+00
8.742202549975770509e+00
8.409697457658326769e+00
8.021115292269154651e+00
7.579047175616435261e+00
7.086440881529728841e+00
6.546581179679819229e+00
5.963067932261662207e+00
5.339792089595260194e+00
4.680909744708788622e+00
3.990814419912161792e+00
3.274107770157912434e+00
2.535568898543582250e+00
1.780122488564396477e+00
1.012805965614962611e+00
2.387359067117138522e-01
-5.369260775792275009e-01
-1.309007761504041634e+00
-2.072360793267137069e+00
-2.821895024981817102e+00
-3.552612454509108009e+00
-4.259640552855296747e+00
-4.938264754896718678e+00
-5.583959896778489806e+00
-6.192420390358332583e+00
-6.759588933488209328e+00
-7.281683564688813171e+00
-7.755222881813229385e+00
-8.177049256537459954e+00
-8.544349889880512805e+00
-8.854675568353002291e+00
-9.105956995665065890e+00
-9.296518591091984973e+00
-9.425089662487538433e+00
-9.490812879442184880e+00
-9.493249990085598000e+00
-9.432384743413233963e+00
-9.308622997650346065e+00
-9.122790013930965003e+00
-8.876124953337814816e+00
-8.570272613997934386e+00
-8.207272463331934276e+00
-7.789545038591803916e+00
-7.319875806370014892e+00
-6.801396588707401492e+00
-6.237564679653102573e+00
-5.632139791530065054e+00
-4.989158984632323879e+00
-4.312909747525723425e+00
-3.607901407457122733e+00
-2.878835061511346716e+00
-2.130572229019129349e+00
-1.368102434246417864e+00
-5.965099355285143901e-01
1.790601772963595628e-01
