0.000338647
0.7752887
1.5452647
2.3048324
3.0491699
3.7730795
4.4720284
5.1410645
5.7756043
6.3719978
6.9257025
7.4329847
7.8909016
8.2963547
8.6462376
8.9388681
9.171614
9.3430647
9.4525554
9.4986662
9.4815668
9.4013329
9.2585602
9.0538707
8.7887338
8.465051
8.0849515
7.6508526
7.1657464
6.6328018
6.0559053
5.4384835
4.7846645
4.0992228
3.38628
2.6507879
1.8976127
1.1315492
0.35823883
-0.41758075
-1.1906487
-1.9556903
-2.7077136
-3.4416448
-4.1525295
-4.8358406
-5.4868255
-6.101542
-6.6754096
-7.2046666
-7.6858414
-8.1159227
-8.4917637
-8.8109119
-9.0714298
-9.2715217
-9.4097203
-9.4850738
-9.4972785
-9.4460639
-9.331936
-9.1556246
-8.9183184
-8.6214244
-8.2669401
-7.8575641
-7.3956546
-6.8843687
-6.3273513
-5.7278418
-5.0902769
-4.4188319
-3.7180876
-2.9922862
-2.2467054
-1.4858875
-0.71531611
0.059853672
0.83475145
1.6041208
2.3628007
3.1056352
3.8279886
4.5244958
5.1911062
5.8228643
6.4159436
6.96627
7.4701932
7.9241826
8.3253301
8.6709135
8.9586992
9.1868618
9.3537404
9.4583925
9.4995701
9.4776061
9.3925037
9.2448339
9.0355761
8.765867
8.4375735
8.0532305
7.6151598
7.1264012
6.5901061
6.009883
5.3893346
4.7331499
4.0452401
3.3304533
2.5934335
1.8390344
1.0723596
0.29877262
-0.47704463
-1.249785
-2.0139513
-2.7647231
-3.4971685
-4.2062144
-4.8871087
-5.535637
-6.1469967
-6.7174883
-7.2434069
-7.7209204
-8.1467458
-8.5183023
-8.8331885
-9.0891144
-9.2843279
-9.4176605
-9.4881218
-9.4954432
-9.4396054
-9.3206358
-9.1394442
-8.8975478
-8.596101
-8.2373522
-7.8237078
-7.3578264
-6.8431699
-6.2825034
-5.6802456
-5.0399389
-4.3660375
-3.6628341
-2.9355756
-2.1884433
-1.4270441
-0.65581927
0.1196885
0.89423796
1.6629941
2.4204614
3.1620893
3.8823337
4.5769468
5.2408366
5.8698455
6.4598605
7.0068475
7.5068373
7.9568211
8.3540141
8.6950578
8.9785329
9.2018233
9.3641235
9.4635909
9.5001952
9.4733415
9.3833595
9.2308163
9.0169774
8.7426441
8.4101359
8.0215071
7.5794445
7.0867439
6.546813
5.9635178
5.3402602
4.6812764
3.9912539
3.2743466
2.5357393
1.7804533
1.0132159
0.2389461
-0.53683057
-1.3089735
-2.0722357
-2.8217823
-3.55238
-4.2595768
-4.9383928
-5.5838282
-6.1924782
-6.7595836
-7.2818527
-7.7553503
-8.1772437
-8.5445397
-8.854835
-9.1062062
-9.2968364
-9.4252732
-9.4911637
-9.4935991
-9.4325892
-9.3087373
-9.1229749
-8.8764977
-8.570462
-8.2074529
-7.7898205
-7.3199736
-6.8013663
-6.237619
-5.6320346
-4.9893272
-4.3129577
-3.6079127
-2.8788214
-2.1304951
-1.367852
-0.59632179
0.17918617
