0.000000000000000000e+00
3.878788437958449742e-01
7.751108098974966998e-01
1.161050099428949656e+00
1.545053069351393971e+00
1.926479305886868776e+00
2.304692692556370215e+00
2.679062471051229188e+00
3.048964293168490158e+00
3.413781262055960664e+00
3.772904961030415727e+00
4.125736468253143663e+00
4.471687355570659328e+00
4.810180669854759117e+00
5.140651895205319732e+00
5.462549894411146134e+00
5.775337828098750848e+00
6.078494050036194807e+00
6.371512977098839237e+00
6.653905932446160243e+00
6.925201960503409637e+00
7.184948612388981637e+00
7.432712700477586587e+00
7.668081020840801898e+00
7.890661042360219035e+00
8.100081561363875693e+00
8.295993320694240225e+00
8.478069592175319968e+00
8.646006721507458082e+00
8.799524634681132440e+00
8.938367305065142432e+00
9.062303180390237856e+00
9.171125568916101756e+00
9.264652984137622838e+00
9.342729447455631941e+00
9.405224748307297489e+00
9.452034661322350928e+00
9.483081120143012299e+00
9.498312347617684281e+00
9.497702942151349248e+00
9.481253920068580143e+00
9.448992713918606512e+00
9.400973126725185480e+00
9.337275242257602414e+00
9.258005291472484188e+00
9.163295475349082508e+00
9.053303744413579324e+00
8.928213535320036698e+00
8.788233464927351690e+00
8.633596982382380602e+00
8.464561979789495538e+00
8.281410362115837032e+00
8.084447577049573397e+00
7.874002105595239165e+00
7.650424914255658848e+00
7.414088869714134056e+00
7.165388116992987833e+00
6.904737422125577062e+00
6.632571480437990274e+00
6.349344191594032516e+00
6.055527902612553248e+00
5.751612620119516350e+00
5.438105193148616401e+00
5.115528467853274641e+00
4.784420415539728744e+00
4.445333235475446898e+00
4.098832433969112898e+00
3.745495881258036341e+00
3.385912847775882639e+00
3.020683021407907898e+00
2.650415507372680946e+00
2.275727812398258720e+00
1.897244814886871245e+00
1.515597722785623214e+00
1.131423020901264787e+00
7.453614094145281088e-01
3.580567353643780981e-01
-2.984508111585282980e-02
-4.176971240197147051e-01
-8.048525603496927694e-01
-1.190665718860890676e+00
-1.574493166867134697e+00
-1.955694783313871365e+00
-2.333634826328045975e+00
-2.707682993464766152e+00
-3.077215472882417036e+00
-3.441615983693179448e+00
-3.800276803754015553e+00
-4.152599783183860360e+00
-4.497997341916963876e+00
-4.835893449628523300e+00
-5.165724586398528828e+00
-5.486940682511540324e+00
-5.799006035825220451e+00
-6.101400205177552216e+00
-6.393618878342844702e+00
-6.675174713089066181e+00
-6.945598149933705834e+00
-7.204438195242854448e+00
-7.451263173367394188e+00
-7.685661446561999455e+00
-7.907242101486302133e+00
-8.115635601143299738e+00
-8.310494401167797918e+00
-8.491493529437004639e+00
-8.658331128036728330e+00
-8.810728956679280799e+00
-8.948432856733509411e+00
-9.071213175093108205e+00
-9.178865147176290762e+00
-9.271209238418098408e+00
-9.348091443685826007e+00
-9.409383544118187004e+00
-9.454983320959929216e+00
-9.484814726035262211e+00
-9.498828008575776138e+00
-9.496999798191350095e+00
-9.479333143845694920e+00
-9.445857508771489108e+00
-9.396628721333637912e+00
-9.331728881922542129e+00
-9.251266226032726081e+00
-9.155374943755093753e+00
-9.044214955983928661e+00
-8.917971647711807393e+00
-8.776855558857223016e+00
-8.621102033140612519e+00
-8.450970825594211533e+00
-8.266745669360494375e+00
-8.068733802501512287e+00
-7.857265455608337668e+00
-7.632693301065216929e+00
-7.395391864886726729e+00
-7.145756902109062558e+00
-6.884204736776945666e+00
-6.611171567626987766e+00
-6.327112740625391751e+00
-6.032501989573226808e+00
-5.727830646045740437e+00
-5.413606819983280971e+00
-5.090354552300472513e+00
-4.758612940926747470e+00
-4.418935241735857389e+00
-4.071887945863720937e+00
-3.718049834953431443e+00
-3.358011015902942376e+00
-2.992371936725402026e+00
-2.621742385163090105e+00
-2.246740471725388932e+00
-1.867991598846493906e+00
-1.486127417882195711e+00
-1.101784775685142437e+00
-7.156046525153608728e-01
-3.282310930574937613e-01
5.968986767280399369e-02
4.475112817416088129e-01
8.345863672320564808e-01
1.220269586902874570e+00
1.603917724770961950e+00
1.984890958822902673e+00
2.362553928066121411e+00
2.736276792140301062e+00
3.105436281721948522e+00
3.469416737970072440e+00
3.827611139279793129e+00
4.179422113631192204e+00
4.524262934845413753e+00
4.861558501086270745e+00
5.190746293975544212e+00
5.511277316722571484e+00
5.822617009703273894e+00
6.124246141962115253e+00
6.415661677149723907e+00
6.696377612452432793e+00
6.965925789114320921e+00
7.223856673200289791e+00
7.469740105297875132e+00
7.703166017907539853e+00
7.923745119325124264e+00
8.131109542875762486e+00
8.324913460416698996e+00
8.504833659085706543e+00
8.670570080333277474e+00
8.821846320339663095e+00
8.958410090982210860e+00
9.080033640584133536e+00
9.186514133743131083e+00
9.277673989606332938e+00
9.353361178027450151e+00
9.413449473112216026e+00
9.457838663729260631e+00
9.486454720635343563e+00
9.499249919936252340e+00
9.496202922677436931e+00
9.477318810431640372e+00
9.442629076824207601e+00
9.392191575010183868e+00
9.326090421190787794e+00
9.244435854330204094e+00
9.147364052306585336e+00
9.035036904803959601e+00
8.907641743323742034e+00
8.765391028766090997e+00
8.608521997102256407e+00
8.437296263728679691e+00
8.251999387162818778e+00
8.052940392808297432e+00
7.840451257583498368e+00
7.614886356273332879e+00
7.376621870527247715e+00
7.126055161489371237e+00
6.863604107106821672e+00
6.589706405221651409e+00
6.304818843608366308e+00
6.009416538174685130e+00
5.703992140595907756e+00
5.389055016704188183e+00
5.065130397003299478e+00
4.732758500725162243e+00
4.392493634889427234e+00
4.044903269868202145e+00
3.690567092997981469e+00
3.330076041816971255e+00
2.964031318539942728e+00
2.593043387414597944e+00
2.217730956631116968e+00
1.838719946483178713e+00
1.456642445501122873e+00
1.072135656298080164e+00
6.858408328871871129e-01
2.984022112422374251e-01
-8.953406511485900721e-02
-4.773210227078112933e-01
-8.643119370839075222e-01
-1.249861411376669729e+00
-1.633326452654386252e+00
-2.014067544259524389e+00
-2.391449712350720347e+00
-2.764843584868573512e+00
-3.133626441159086617e+00
-3.497183250504433794e+00
-3.854907697828902080e+00
-4.206203194869560846e+00
-4.550483875125219235e+00
-4.887175570924295442e+00
-5.215716770982243844e+00
-5.535559556851471719e+00
-5.846170516702123621e+00
-6.147031634909709830e+00
-6.437641155965954987e+00
-6.717514421272205105e+00
-6.986184677419648992e+00
-7.243203854608748493e+00
-7.488143313909169763e+00
-7.720594562114388104e+00
-7.940169932998568214e+00
-8.146503233839693436e+00
-8.339250356130650133e+00
-8.518089849459732577e+00
-8.682723457603577444e+00
-8.832876615938387133e+00
-8.968298909339969427e+00
-9.088764489808884406e+00
-9.194072453124221056e+00
-9.284047173897834071e+00
-9.358538598470351744e+00
-9.417422495160311158e+00
-9.460600661449262816e+00
-9.488001087757165664e+00
-9.499578077535023368e+00
-9.495312323474450977e+00
-9.475210939707075397e+00
-9.439307449940079309e+00
-9.387661731547666477e+00
-9.320359915711673437e+00
-9.237514243777930290e+00
-9.139262880067819950e+00
-9.025769681457333604e+00
-8.897223924107832360e+00
-8.753839987804235889e+00
-8.595856998427191087e+00
-8.423538429155287943e+00
-8.237171661062658856e+00
-8.037067503844509631e+00
-7.823559677470063534e+00
-7.597004255627368252e+00
-7.357779071887973643e+00
-7.106283089582141166e+00
-6.842935736435128646e+00
-6.568176205074467866e+00
-6.282462720574692128e+00
-5.986271776261012256e+00
-5.680097339046440652e+00
-5.364450025627750307e+00
-5.039856250913983260e+00
-4.706857350107873650e+00
-4.366008675904142322e+00
-4.017878672310396304e+00
-3.663047926635273566e+00
-3.302108201224849271e+00
-2.935661446562004784e+00
-2.564318797374726788e+00
-2.188699553427629230e+00
-1.809430146696313191e+00
-1.427143096647191856e+00
-1.042475955364937201e+00
-6.560702442868694417e-01
-2.685703843176175942e-01
1.193773788918376932e-01
5.071260527082050995e-01
8.940289765258930821e-01
1.279440900222949651e+00
1.662719060265115179e+00
2.043224251662579150e+00
2.420321893992125606e+00
2.793383089706876099e+00
3.161785672968354444e+00
3.524915247251975359e+00
3.882166209995300044e+00
4.232942762580522711e+00
4.576659903966296739e+00
4.912744406312488543e+00
5.240635770970077267e+00
5.559787163242343233e+00
5.869666324358168374e+00
6.169756459136730875e+00
6.459557097862964170e+00
6.738584930936591277e+00
7.006374614902648013e+00
7.262479548519372941e+00
7.506472617569056816e+00
7.737946907169832578e+00
7.956516380400335819e+00
8.161816522105583616e+00
8.353504946810277332e+00
8.531261969725838057e+00
8.694791139898704557e+00
8.843819734610887551e+00
8.978099214208148382e+00
9.097405636597411416e+00
9.201540030721993446e+00
9.290328728391854085e+00
9.363623653915480460e+00
9.421302571050345520e+00
9.463269286860136020e+00
9.489453812138712863e+00
9.499812478133302207e+00
9.494328009372242860e+00
9.473009552475831541e+00
9.435892660902224449e+00
9.383039235653811261e+00
9.314537422042976189e+00
9.230501462689405301e+00
9.131071506994098641e+00
9.016413377407806351e+00
8.886718292883738712e+00
8.742202549975770509e+00
8.583107162113829958e+00
8.409697457658326769e+00
8.222262637403686014e+00
8.021115292269154651e+00
7.806590881981112950e+00
7.579047175616435261e+00
7.338863654939727255e+00
7.086440881529728841e+00
6.822199828750297179e+00
6.546581179679819229e+00
6.260044592170311617e+00
5.963067932261662207e+00
5.656146477229385461e+00
5.339792089595260194e+00
5.014532363478142685e+00
4.680909744708788622e+00
4.339480626175840960e+00
3.990814419912161792e+00
3.635492607468362003e+00
3.274107770157912434e+00
2.907262600790764040e+00
2.535568898543582250e+00
2.159646548643162856e+00
1.780122488564396477e+00
1.397629662467074541e+00
1.012805965614962611e+00
6.262931805380901329e-01
2.387359067117138522e-01
-1.492195144622813219e-01
-5.369260775792275009e-01
-9.237371922627809484e-01
-1.309007761504041634e+00
-1.692095257509969475e+00
-2.072360793267137069e+00
-2.449170188033560791e+00
-2.821895024981817102e+00
-3.189913699229494970e+00
-3.552612454509108009e+00
-3.909386406748529996e+00
-4.259640552855296747e+00
-4.602790763021765486e+00
-4.938264754896718678e+00
-5.265503047998566721e+00
-5.583959896778489806e+00
-5.893104200777271373e+00
-6.192420390358332583e+00
-6.481409286539270731e+00
-6.759588933488209328e+00
-7.026495402296786708e+00
-7.281683564688813171e+00
-7.524727835374672935e+00
-7.755222881813229385e+00
-7.972784300197623963e+00
-8.177049256537459954e+00
-8.367677091768525699e+00
-8.544349889880512805e+00
-8.706773008115531454e+00
-8.854675568353002291e+00
-8.987810908861675330e+00
-9.105956995665065890e+00
-9.208916792834472176e+00
-9.296518591091984973e+00
-9.368616294175392767e+00
-9.425089662487538433e+00
-9.465844513623626000e+00
-9.490812879442184880e+00
-9.499953119417652303e+00
-9.493249990085598000e+00
-9.470714670464717599e+00
-9.432384743413233963e+00
-9.378324132950782044e+00
-9.308622997650346065e+00
-9.223397580277946872e+00
-9.122790013930965003e+00
-9.006968084998312918e+00
-8.876124953337814816e+00
-8.730478830137506918e+00
-8.570272613997934386e+00
-8.395773485842598305e+00
-8.207272463331934276e+00
-8.005083915524108917e+00
-7.789545038591803916e+00
-7.561015293469663057e+00
-7.319875806370014892e+00
-7.066528733166738796e+00
-6.801396588707401492e+00
-6.524921542171888689e+00
-6.237564679653102573e+00
-5.939805235189195898e+00
-5.632139791530065054e+00
-5.315081451970595339e+00
-4.989158984632323879e+00
-4.654915940620268699e+00
-4.312909747525723425e+00
-3.963710779786775440e+00
-3.607901407457122733e+00
-3.246075024969110157e+00
-2.878835061511346716e+00
-2.506793974671043479e+00
-2.130572229019129349e+00
-1.750797261342181832e+00
-1.368102434246417864e+00
-9.831259798790439319e-01
-5.965099355285143901e-01
-2.088990728788093776e-01
1.790601772963595628e-01
