0.000000000000000000e+00
6.279051952931337111e-01
1.253332335643042583e+00
1.873813145857246010e+00
2.486898871648548059e+00
3.090169943749474069e+00
3.681245526846779192e+00
4.257792915650727039e+00
4.817536741017153012e+00
5.358267949789966345e+00
5.877852522924731815e+00
6.374239897486896567e+00
6.845471059286886373e+00
7.289686274214115969e+00
7.705132427757892088e+00
8.090169943749474513e+00
8.443279255020151197e+00
8.763066800438636506e+00
9.048270524660196656e+00
9.297764858882512584e+00
9.510565162951534646e+00
9.685831611286310761e+00
9.822872507286886545e+00
9.921147013144778981e+00
9.980267284282716034e+00
1.000000000000000000e+01
9.980267284282716034e+00
9.921147013144777205e+00
9.822872507286886545e+00
9.685831611286312537e+00
9.510565162951536422e+00
9.297764858882512584e+00
9.048270524660194880e+00
8.763066800438634729e+00
8.443279255020149421e+00
8.090169943749474513e+00
7.705132427757892088e+00
7.289686274214114192e+00
6.845471059286888149e+00
6.374239897486898343e+00
5.877852522924732703e+00
5.358267949789966345e+00
4.817536741017155677e+00
4.257792915650728816e+00
3.681245526846781413e+00
3.090169943749474957e+00
2.486898871648548059e+00
1.873813145857245788e+00
1.253332335643045248e+00
6.279051952931358205e-01
1.224646799147353256e-15
-6.279051952931334890e-01
-1.253332335643042805e+00
-1.873813145857247786e+00
-2.486898871648550280e+00
-3.090169943749477177e+00
-3.681245526846783189e+00
-4.257792915650727039e+00
-4.817536741017150348e+00
-5.358267949789964568e+00
-5.877852522924730039e+00
-6.374239897486896567e+00
-6.845471059286887261e+00
-7.289686274214113304e+00
-7.705132427757893865e+00
-8.090169943749472736e+00
-8.443279255020152974e+00
-8.763066800438636506e+00
-9.048270524660198433e+00
-9.297764858882514361e+00
-9.510565162951534646e+00
-9.685831611286308984e+00
-9.822872507286886545e+00
-9.921147013144777205e+00
-9.980267284282716034e+00
-1.000000000000000000e+01
-9.980267284282716034e+00
-9.921147013144778981e+00
-9.822872507286886545e+00
-9.685831611286310761e+00
-9.510565162951536422e+00
-9.297764858882512584e+00
-9.048270524660196656e+00
-8.763066800438632953e+00
-8.443279255020154750e+00
-8.090169943749476289e+00
-7.705132427757895641e+00
-7.289686274214115969e+00
-6.845471059286889925e+00
-6.374239897486896567e+00
-5.877852522924733591e+00
-5.358267949789963680e+00
-4.817536741017153012e+00
-4.257792915650721710e+00
-3.681245526846778748e+00
-3.090169943749476289e+00
-2.486898871648553389e+00
-1.873813145857246898e+00
-1.253332335643046580e+00
-6.279051952931326008e-01
-2.449293598294706513e-15
6.279051952931278269e-01
1.253332335643041695e+00
1.873813145857242013e+00
2.486898871648548948e+00
3.090169943749471848e+00
3.681245526846781857e+00
4.257792915650725263e+00
4.817536741017156565e+00
5.358267949789966345e+00
5.877852522924735368e+00
6.374239897486898343e+00
6.845471059286892590e+00
7.289686274214117745e+00
7.705132427757892088e+00
8.090169943749478065e+00
8.443279255020147644e+00
8.763066800438631176e+00
9.048270524660193104e+00
9.297764858882510808e+00
9.510565162951534646e+00
9.685831611286308984e+00
9.822872507286886545e+00
9.921147013144777205e+00
9.980267284282716034e+00
1.000000000000000000e+01
9.980267284282716034e+00
9.921147013144778981e+00
9.822872507286886545e+00
9.685831611286310761e+00
9.510565162951536422e+00
9.297764858882516137e+00
9.048270524660193104e+00
8.763066800438632953e+00
8.443279255020151197e+00
8.090169943749476289e+00
7.705132427757885871e+00
7.289686274214109751e+00
6.845471059286883708e+00
6.374239897486897455e+00
5.877852522924733591e+00
5.358267949789972562e+00
4.817536741017161894e+00
4.257792915650739474e+00
3.681245526846779637e+00
3.090169943749478065e+00
2.486898871648554721e+00
1.873813145857256890e+00
1.253332335643039031e+00
6.279051952931338221e-01
3.673940397442059178e-15
-6.279051952931264946e-01
-1.253332335643031703e+00
-1.873813145857249562e+00
-2.486898871648547615e+00
-3.090169943749470516e+00
-3.681245526846772531e+00
-4.257792915650732368e+00
-4.817536741017155677e+00
-5.358267949789965456e+00
-5.877852522924728262e+00
-6.374239897486905448e+00
-6.845471059286891702e+00
-7.289686274214117745e+00
-7.705132427757892088e+00
-8.090169943749472736e+00
-8.443279255020156526e+00
-8.763066800438629400e+00
-9.048270524660189551e+00
-9.297764858882512584e+00
-9.510565162951534646e+00
-9.685831611286308984e+00
-9.822872507286884769e+00
-9.921147013144778981e+00
-9.980267284282716034e+00
-1.000000000000000000e+01
-9.980267284282716034e+00
-9.921147013144778981e+00
-9.822872507286886545e+00
-9.685831611286312537e+00
-9.510565162951538198e+00
-9.297764858882516137e+00
-9.048270524660193104e+00
-8.763066800438634729e+00
-8.443279255020151197e+00
-8.090169943749476289e+00
-7.705132427757885871e+00
-7.289686274214110639e+00
-6.845471059286884596e+00
-6.374239897486897455e+00
-5.877852522924734480e+00
-5.358267949789957463e+00
-4.817536741017162782e+00
-4.257792915650740362e+00
-3.681245526846780969e+00
-3.090169943749478954e+00
-2.486898871648556053e+00
-1.873813145857258000e+00
-1.253332335643040141e+00
-6.279051952931351543e-01
-4.898587196589413026e-15
